,0,1,2,3,4,5,6,7,8,9,10,11,12,13,14,15,16,17,18,19,20,21,22,23,24,25,26,27,28,29,30,31,32,33,34,35,36,37,38,39,40,41,42,43,44,45,46,47,48,49,50,51
0,0.0,1702.9633516110064,1793.7870354061713,1424.675908912505,1346.785234129524,879.220548341473,1195.505217112262,1168.0325234181405,1295.2356889899106,1412.4179357548499,1580.447885027701,1108.9734005660448,850.2220585788592,1099.4554772702731,1068.7172235558805,1051.1088497606124,772.6274873504588,1005.4519869016493,482.8069141873003,473.3264647621018,518.564799536419,294.46641117482545,682.9029921016618,602.3612906109377,319.34170583806235,381.48660772945476,864.4242398806819,1174.471495877722,1076.294928195491,1277.1628230738193,1164.2290394773631,1152.5915313194294,986.9928229943283,1178.870592707206,930.0136298673428,898.7106203007801,1026.845552866089,1934.7439999386754,1023.4827040415446,1330.481067480557,177.47930535642817,1649.5046601360862,1335.4329930006802,1337.5818890190596,884.3989642816554,800.8006544004177,1120.039918144634,1065.9956443174156,1271.1605223720578,1161.0836997036881,970.5828389437975,967.4939484154293
1,1702.9633516110064,0.0,353.80612502467653,203.81563690854242,98.21648157492567,1275.178296495174,1328.341498570702,1706.3709905022208,1622.4243206295844,6.215324048239062,98.86697713486355,995.4335260364666,987.0344739962377,939.0819677175167,997.4908628794408,968.0862107289669,950.4015145016272,875.9742056981858,1264.3887454724577,1215.7331366856863,1114.711969865384,1111.2630859522942,1542.279051481142,1528.2231508458449,1297.8685580218032,1354.7221226403005,1231.168884095049,1322.0312327169797,1514.5140222544621,1339.8246376557668,888.6734540489023,952.1536093513085,866.5672019895785,915.4510648816861,805.4648313447473,839.7083337708704,815.9395877772384,2174.1198987802127,867.0574588748153,1303.8731738738481,1111.5957401378344,1311.3747214092948,1264.585971694517,841.6980924766752,1407.356036085426,1284.213699160688,1576.5627073278279,1510.3068940104033,1596.1305677991581,1457.57022049406,1334.2259063543536,1342.2933958082633
2,1793.7870354061713,353.80612502467653,0.0,75.90176847720798,6.152222875001295,1083.2749944383438,1117.933313373035,1525.0372424861284,1452.0409646563337,22.637290350777764,22.50793203662113,744.3874374854126,844.567113274103,804.3104178420384,760.1704713925116,804.4441571868003,804.0721773911487,781.5160512473814,1107.4435595963403,1046.7301654806645,978.4655189733834,952.2441158899916,1370.3540771642074,1361.2512335352708,1171.796434857599,1227.159049676845,1068.9153379870506,1181.1513579229409,1364.5342387908172,1117.293727335091,707.8157802865613,746.040178128762,717.3797938708407,762.7123316588112,678.4981434041374,703.2839839294494,702.178815085226,2064.414088767916,724.717800926275,1196.675295590526,973.4935711048545,1052.2975587276148,1066.4945840576802,619.0989007525507,1079.647300680972,1017.5115560964316,1230.3740560503677,1224.4309174301602,1293.2231919787353,1235.2356888955228,1137.536789793836,1102.319708075093
3,1424.675908912505,203.81563690854242,75.90176847720798,0.0,77.10536062400404,1210.2136636207517,1502.4350874700544,1792.1273037006486,1670.1713537600772,76.53846993218134,121.33396982408695,1109.1099095687412,1043.6484111556179,1069.9008387430877,1069.615411405348,1104.9537199525835,940.2767160354165,1072.4633907239304,1229.1958615314525,1162.3128068418819,1112.178453158643,1053.3558146285782,1514.0460104152412,1485.8860321365012,1242.017089673375,1297.9953303405377,1213.727243577532,1479.0089780380113,1689.7803267128581,1412.5024910105085,1094.7185880762972,1079.9374202486972,1003.9407976117109,1123.8915067246585,919.5426520410888,910.887181796488,1018.4221194311326,2248.7723891026526,1065.6771789120533,1469.1125767998537,1041.9154682214285,1367.8527039250878,1294.8830730954164,997.2916415014631,1366.5377421135174,1259.1322278267367,1523.1909320371387,1477.1767043822908,1650.028635818491,1650.239554160827,1339.3592925797232,1405.2313884675216
4,1346.785234129524,98.21648157492567,6.152222875001295,77.10536062400404,0.0,1263.8606868993675,1303.3549568111227,1800.8143377114477,1757.9546745533587,208.72128320113794,108.268224172012,1180.1354441161668,1189.4368716866595,1208.4318149066064,1198.2932063679614,1104.7956175543345,1133.2536120704854,1174.0680871367379,1377.4180030591476,1155.249781044683,1260.0188750799261,1214.6039229894313,1518.9582857931653,1567.3635537804687,1406.512579091355,1479.323836237874,1253.0838362787822,1369.2133686874638,1703.050307068259,1503.26684328798,1193.2788259574186,1207.6027621648884,1116.2782393736259,1176.3657316479516,1062.5350803967672,1059.5058213708883,1153.984122105926,2449.317175461172,1047.5793087690909,1590.5328254601661,1094.724505699881,1282.9486545648056,1236.5661501959282,848.0466141345336,1442.1247477414154,1363.5153578705583,1525.7202196124103,1482.6124169015475,1661.9507256863164,1638.712971580258,1284.2150394049456,1293.630001346029
5,879.220548341473,1275.178296495174,1083.2749944383438,1210.2136636207517,1263.8606868993675,0.0,348.2629600415431,664.6872146348685,674.1759671879515,849.2154406395766,892.9259606514995,43.718385551621814,103.98319306480224,68.07198299182735,16.927428575110753,62.604090379186566,54.53358231281898,53.306120507699205,87.480256068847,254.96874808921893,121.38580459615642,237.99975614278918,497.76214500791866,337.08514760723097,271.36204493904665,265.9845142577785,14.65027119854254,259.250130096387,521.349849423385,429.66672125302586,33.51081455344127,18.694993568548888,41.260333727166,69.67594461390874,29.438609321944703,37.68419398456017,67.52228516694782,998.593501825607,14.81111942913135,604.5529361027881,319.43619882152996,971.2406247484156,571.1109519468392,683.9163064659449,187.8062789884711,93.95739926497352,287.8519527049049,375.41225235880967,400.99145791762356,288.20439291367313,438.0966205686255,392.8503322088331
6,1195.505217112262,1328.341498570702,1117.933313373035,1502.4350874700544,1303.3549568111227,348.2629600415431,0.0,459.50102111853226,433.4422211865703,561.6396239672104,572.2928196179522,140.9213302019331,154.5729375508656,104.59079369849763,98.25266354764443,42.68300620766805,124.24902562048163,98.83682983584082,141.76412253247324,259.0761552095736,130.85052300588646,207.24470781882644,581.4836527175263,379.84843920920156,227.18497675962445,260.91206876025313,118.80574704835117,17.665222874950548,280.17052672711714,283.57779147924333,67.7234008263262,56.337843267535,96.00053755857788,130.24262923261026,73.30991578987926,103.01044246266817,102.07210994698663,823.1885473386931,98.0152229028914,423.31059370938715,254.00330613929793,483.55548753789316,339.3817571238845,308.6927075202203,108.13707222461176,101.79944813124324,253.37426152322087,204.655974827869,394.58337034269164,242.39328581932995,331.48961430441653,316.82431568615345
7,1168.0325234181405,1706.3709905022208,1525.0372424861284,1792.1273037006486,1800.8143377114477,664.6872146348685,459.50102111853226,0.0,966.2070480203708,1167.3931350487765,1177.1783118204357,529.0845464694048,452.11158678451346,513.1773639892709,500.0392877004023,514.9942896356106,414.4634221458934,453.35759815491997,375.91459513545516,613.6284472981952,343.7936875497847,550.0474937343371,747.8146913982858,382.6102944378662,645.495419348583,386.3720141652566,591.657212358894,575.3692572368138,141.50876182231735,760.0465759395114,523.9702200919692,540.9842202673565,466.4370667742314,514.1931149070024,430.6224358752274,418.87698147460344,483.5174660774398,1050.937159103317,465.6938533833883,527.1204264585201,427.976826426072,1263.4471608637848,882.8021226496354,977.4082631296001,569.9834299318164,483.46245458026505,724.7206201172031,713.7175328253569,749.0116016386916,666.1420632740078,835.3688324676726,694.1850700902322
8,1295.2356889899106,1622.4243206295844,1452.0409646563337,1670.1713537600772,1757.9546745533587,674.1759671879515,433.4422211865703,966.2070480203708,0.0,772.0923108672121,781.9935573028995,511.45204477854816,492.3257631585262,340.82240290437426,489.20698069750154,413.33621289412116,416.24485626894784,319.33009878092,408.99296756245303,426.90870117914403,414.0470154943683,475.72776677802057,653.3420004663488,380.04161138510614,426.4252796474841,318.4709846393532,398.261957351196,454.6505277754892,634.7329440492848,64.70600271722651,420.5824083037658,455.5409896299919,420.1110894164238,472.24708537032103,359.9340794497613,395.04529130066874,403.59831385117076,1012.1427697209797,345.18120811082946,682.580397690225,413.2213842931123,654.3889419591001,552.7165121079788,523.0028697450241,306.6710273935162,296.7572749838691,569.7435456740118,595.0575491113553,489.2826762430326,442.8025227395562,351.71339868306205,406.1863591264288
9,1412.4179357548499,6.215324048239062,22.637290350777764,76.53846993218134,208.72128320113794,849.2154406395766,561.6396239672104,1167.3931350487765,772.0923108672121,0.0,153.69525671321475,1046.3215594352907,1014.8739542788543,970.1813093234127,1046.5703172400144,1035.1303034451144,951.222403604018,971.4921933747628,1327.8428592494472,1275.3988990093476,1174.4484704435897,1156.494406434916,1600.5965811193234,1580.1693648744135,1344.5931331527754,1390.1372593296599,1284.9104762299614,1467.5310664636743,1601.7473236223236,1404.098879851923,950.5621891391247,977.4715524225724,888.8570941693022,1009.4620420630358,834.3423507992909,841.6278659761401,864.757626485695,2232.5939861939332,948.5137027136284,1375.213830683696,1156.157921202001,1406.0064539893674,1314.8003735488744,936.2751303532812,1445.2030838112423,1324.9066365863694,1619.947002660477,1536.562581692828,1688.8522713269138,1580.290259898903,1430.8891880900676,1423.753219407908
10,1580.447885027701,98.86697713486355,22.50793203662113,121.33396982408695,108.268224172012,892.9259606514995,572.2928196179522,1177.1783118204357,781.9935573028995,153.69525671321475,0.0,1152.2676032702614,1176.8970541878139,1112.3260101596388,1131.5297439720503,1040.490569839193,1100.7785890787745,1079.4179243688518,1458.972637045464,1428.0564230776365,1337.3064699517602,1334.1848477831559,1758.1200383414318,1599.7878434784734,1458.0113279424024,1539.1541400647934,1365.0707598903884,1438.858135226718,1706.5215964107178,1467.083372262925,1088.2439943603426,1120.0219564982253,1103.8058831585156,1139.2227559735352,1016.0697549868812,1045.951064996143,1125.1598846577942,2491.0719196634113,969.0881193276103,1484.034318870395,1342.0182306832899,1461.5864052979316,1343.2365820272105,1006.6672862145368,1479.8400831030885,1415.3543576831028,1684.1831051282752,1591.982062545401,1737.3643078784069,1680.0290457762771,1402.404120256397,1407.360912723606
11,1108.9734005660448,995.4335260364666,744.3874374854126,1109.1099095687412,1180.1354441161668,43.718385551621814,140.9213302019331,529.0845464694048,511.45204477854816,1046.3215594352907,1152.2676032702614,0.0,205.23434287298122,174.4382688996722,8.268961599511309,162.4776221181014,132.84625576102812,164.4618021672688,665.8165074807646,1072.1733583621235,604.8429684511922,862.0463368652923,1405.6657217490244,1126.1195792401181,1049.9395350497368,969.9276254717591,665.2940553032128,907.8852316631363,1302.3947291315449,1192.6400040597143,56.48416312099551,78.91665455220858,37.61173581791324,46.097105567588414,18.608931596636662,27.801752883163637,71.04523409760709,1855.4568306010003,250.77821164589523,888.1063971358549,934.399621344981,1924.3211767324196,1361.6138587329326,1501.8786789259377,1011.7491114678979,844.8058081868747,1268.577998236786,1236.3216422561738,1472.8047956706557,1176.7724337180462,1341.9749936780834,1286.3443262050816
12,850.2220585788592,987.0344739962377,844.567113274103,1043.6484111556179,1189.4368716866595,103.98319306480224,154.5729375508656,452.11158678451346,492.3257631585262,1014.8739542788543,1176.8970541878139,205.23434287298122,0.0,77.85472089279979,148.9153436170398,180.13833621241105,5.374118638950493,109.95790427063244,515.4376954534604,958.4301954908882,463.43193528214164,738.6771086803519,1318.3018552424066,897.4395921962205,877.9820377413839,767.8164625311123,578.894597441996,792.7877701168654,1085.7528161687198,1083.5932494205385,93.83758887558076,104.29667675602352,20.32985279766039,80.42588543287307,32.582829878566905,8.016461456419073,46.456724378078746,1717.5927635657017,158.6643899699489,765.8171220118229,801.8684726136038,1780.2245183073292,1188.904983940734,1409.3731610636362,894.1980879003781,726.6009304474852,1099.8391954450265,1054.0157141115887,1258.1822144275482,998.7845722261119,1158.3240217432883,1136.0911032663437
13,1099.4554772702731,939.0819677175167,804.3104178420384,1069.9008387430877,1208.4318149066064,68.07198299182735,104.59079369849763,513.1773639892709,340.82240290437426,970.1813093234127,1112.3260101596388,174.4382688996722,77.85472089279979,0.0,166.8248747701354,139.43414897291058,38.39495137435136,40.47313746466288,627.9552743528689,1101.5637630802873,528.5484772982409,921.8003277621519,1369.5793127259542,984.364451126534,1041.2709123576165,885.736212934918,619.7910001439778,838.5308214009157,1123.0572806596017,1017.4478717186856,56.5792943721557,56.31483046961606,28.398379160938926,56.118264398181275,19.372208908479678,5.3102251650030805,28.566268566486357,1673.8752251249866,94.2218775394055,762.4137538583581,964.5948442227342,1826.373020899895,1248.2766055031375,1444.1692501175492,973.4143374519946,785.9389924084945,1161.2901459440307,1147.4546459718138,1335.9347639177797,1049.2053617111983,1211.0566749074674,1160.201716834532
14,1068.7172235558805,997.4908628794408,760.1704713925116,1069.615411405348,1198.2932063679614,16.927428575110753,98.25266354764443,500.0392877004023,489.20698069750154,1046.5703172400144,1131.5297439720503,8.268961599511309,148.9153436170398,166.8248747701354,0.0,136.73108181754776,115.1367791921073,163.25876812289027,731.080592137505,1142.8698764297105,649.1949101988157,921.8243517361396,1533.7732984943768,1141.600633216803,1105.754996429841,1018.2969260801593,705.6894434804017,963.4558750295788,1356.9752527212904,1215.2214855437594,56.307552050224075,47.25571899615533,42.22267523394012,54.1166319562339,30.55209712026156,24.990961366395695,39.902424512122835,1935.391240786747,231.02392971580804,886.8484204098123,961.4961357282583,1995.444410475942,1395.4708517355875,1598.2838342230634,1064.54046195469,889.9919331220601,1346.1387655256965,1294.3980329277003,1528.941940355537,1197.0087370262138,1403.9963943351056,1360.7056856736524
15,1051.1088497606124,968.0862107289669,804.4441571868003,1104.9537199525835,1104.7956175543345,62.604090379186566,42.68300620766805,514.9942896356106,413.33621289412116,1035.1303034451144,1040.490569839193,162.4776221181014,180.13833621241105,139.43414897291058,136.73108181754776,0.0,209.11749423951034,180.66643179997072,965.5659857255971,1355.6224499464631,865.6105792081191,1207.8804060117373,1717.1043976355206,1312.9297361027116,1326.110544793012,1197.0260055730473,823.2727448520405,989.3550258375313,1341.9433107120112,1400.6734342848033,72.31770516136412,53.37140962831527,93.87772508670253,156.82285989933007,38.96471831690075,115.28517705885095,74.93513838653398,2153.3382009479114,158.09176193477833,907.123045052289,1196.985749458297,2033.6758684191846,1503.927838118492,1600.0985393953197,1116.0940758493903,980.7220593278147,1442.3641588774335,1397.0946434535308,1630.2124156670163,1295.8359385381113,1503.0392085458727,1449.66928347031
16,772.6274873504588,950.4015145016272,804.0721773911487,940.2767160354165,1133.2536120704854,54.53358231281898,124.24902562048163,414.4634221458934,416.24485626894784,951.222403604018,1100.7785890787745,132.84625576102812,5.374118638950493,38.39495137435136,115.1367791921073,209.11749423951034,0.0,86.2936006809608,613.9700273181837,1118.3512239101483,560.4086245790938,823.0608368359917,1445.0809580026346,1030.1975065121885,946.6226395958964,866.2991467847658,705.6150567937264,926.6131043594379,1181.4812990391026,1231.0257539173006,101.90176915378223,154.24212885584575,40.9989319000625,40.99203738938026,30.267675987267758,18.36953682934083,85.98445594953056,1857.8125020422215,262.45771053058616,801.638681008058,947.2767692588895,1949.5879101334604,1344.8120297974758,1548.5115684469422,1049.776860146646,851.569214629955,1235.5035956781924,1184.7296872853185,1397.2390851276273,1126.2418772358005,1278.195323303635,1225.653815436223
17,1005.4519869016493,875.9742056981858,781.5160512473814,1072.4633907239304,1174.0680871367379,53.306120507699205,98.83682983584082,453.35759815491997,319.33009878092,971.4921933747628,1079.4179243688518,164.4618021672688,109.95790427063244,40.47313746466288,163.25876812289027,180.66643179997072,86.2936006809608,0.0,849.6355457313306,1392.0184075662576,757.1638610967425,1224.249932411613,1712.256183087575,1242.2837175926459,1315.1287219316714,1124.3577792537453,855.9997601445609,1001.4334626127669,1297.2168213497075,1311.4578348024274,117.15421196582702,140.17855646462516,171.55820576007173,129.5761921792003,94.67149574257402,128.9467485269061,103.96855804412388,2008.6407612383994,60.18040401858383,806.0773092386954,1314.1805658701408,2005.4198483962232,1407.23983052964,1616.1144953178125,1086.3224046070952,928.6922804124029,1337.8971807176445,1288.781845537018,1607.0624380601864,1267.6590833085409,1435.5944877132472,1406.2239584312226
18,482.8069141873003,1264.3887454724577,1107.4435595963403,1229.1958615314525,1377.4180030591476,87.480256068847,141.76412253247324,375.91459513545516,408.99296756245303,1327.8428592494472,1458.972637045464,665.8165074807646,515.4376954534604,627.9552743528689,731.080592137505,965.5659857255971,613.9700273181837,849.6355457313306,0.0,266.82931559655765,53.0481352600115,125.31214801556476,797.9651863950738,506.1877899199802,288.6997158062196,168.52498925730663,351.9492036320116,851.2068472805717,737.8572347205532,1042.7194743597047,649.3648868725162,565.7902924064439,534.815793377088,657.8733410204266,525.1330590127258,451.3466599740575,556.7336623373274,1381.9388786919578,659.8892279015562,891.1357411104593,177.77551368945183,1396.4894383280507,1000.1648167689586,1097.7244360463092,556.1964799271699,464.7239521289502,757.7701036559057,592.6529624716192,1063.3359642674716,936.7254378871037,758.0525197589277,728.6193774398153
19,473.3264647621018,1215.7331366856863,1046.7301654806645,1162.3128068418819,1155.249781044683,254.96874808921893,259.0761552095736,613.6284472981952,426.90870117914403,1275.3988990093476,1428.0564230776365,1072.1733583621235,958.4301954908882,1101.5637630802873,1142.8698764297105,1355.6224499464631,1118.3512239101483,1392.0184075662576,266.82931559655765,0.0,307.1974676053122,4.934695641613356,504.90589763483274,623.8435216780684,135.02830991370618,378.8486518024384,491.71366200577717,908.2114186796332,1009.1484096758071,867.7044914959072,733.5448484721392,666.0255743272178,664.6638570590386,779.4785103898449,629.8655766932566,632.1140621079361,710.6570661837538,1750.5156301119443,626.5348435258783,1125.789359779019,12.697067426567243,1304.0513247703104,1044.3780219391645,1000.3613744255857,561.2200527860842,584.7094440194364,857.7605195927649,778.4847973693506,976.9831640283533,865.9087155344166,654.777032841294,667.7637108431983
20,518.564799536419,1114.711969865384,978.4655189733834,1112.178453158643,1260.0188750799261,121.38580459615642,130.85052300588646,343.7936875497847,414.0470154943683,1174.4484704435897,1337.3064699517602,604.8429684511922,463.43193528214164,528.5484772982409,649.1949101988157,865.6105792081191,560.4086245790938,757.1638610967425,53.0481352600115,307.1974676053122,0.0,218.9057361891967,918.6992939712957,706.2105061040626,416.4653498940809,356.22434134348833,493.8476874097837,906.8843788802874,843.1108643003295,1086.6920032101666,576.3906728958127,552.4823554383511,509.9256137447657,631.937796241882,492.3228252133488,445.68060641286496,524.4117664290405,1500.5119523975043,617.7774178833799,817.1614870208422,285.643742034801,1609.1713924416063,1188.3990206254607,1335.1722252682687,799.4068756711596,652.5497295898015,955.2711006198325,765.9439960169913,1211.7713468758582,990.9251729249902,871.2543160809305,862.331707663779
21,294.46641117482545,1111.2630859522942,952.2441158899916,1053.3558146285782,1214.6039229894313,237.99975614278918,207.24470781882644,550.0474937343371,475.72776677802057,1156.494406434916,1334.1848477831559,862.0463368652923,738.6771086803519,921.8003277621519,921.8243517361396,1207.8804060117373,823.0608368359917,1224.249932411613,125.31214801556476,4.934695641613356,218.9057361891967,0.0,927.7454579178753,988.0582950894983,202.52388343264664,704.7966421550747,831.3004264941557,1362.6158683996648,1271.6815319798186,1608.9735571442368,1369.3228540461378,1240.0423010468141,1220.6427108383732,1441.375487007995,1195.1812566498006,1126.16337330034,1307.2320092977805,2364.7075966930247,1259.234262470246,1506.9522476168218,340.89542511084414,1814.8665474876325,1533.80134070302,1374.345709822269,1028.7867200781661,990.1844203370749,1217.852742281716,1064.7559614829065,1334.6752238675886,1141.0237549780354,1024.3571164941216,985.3977365925737
22,682.9029921016618,1542.279051481142,1370.3540771642074,1514.0460104152412,1518.9582857931653,497.76214500791866,581.4836527175263,747.8146913982858,653.3420004663488,1600.5965811193234,1758.1200383414318,1405.6657217490244,1318.3018552424066,1369.5793127259542,1533.7732984943768,1717.1043976355206,1445.0809580026346,1712.256183087575,797.9651863950738,504.90589763483274,918.6992939712957,927.7454579178753,0.0,272.3142790695143,1.6151778524803717,177.16707910239836,314.86597318468773,709.6339046454283,636.6122085353587,541.5116801475355,589.252822905541,482.76035190990865,461.73422793882946,558.9488892796581,472.3809688462721,395.93765043522035,525.0973171916115,988.4436110355947,451.50033527957225,765.7415244811456,20.759809076306723,1130.998541564213,782.3424837377419,834.3879715760818,438.8302494054868,415.7534717679662,594.5854786041408,568.2327885085275,637.9859386685227,630.4482037171183,384.8165255951511,427.76741706148704
23,602.3612906109377,1528.2231508458449,1361.2512335352708,1485.8860321365012,1567.3635537804687,337.08514760723097,379.84843920920156,382.6102944378662,380.04161138510614,1580.1693648744135,1599.7878434784734,1126.1195792401181,897.4395921962205,984.364451126534,1141.600633216803,1312.9297361027116,1030.1975065121885,1242.2837175926459,506.1877899199802,623.8435216780684,706.2105061040626,988.0582950894983,272.3142790695143,0.0,52.04382517204475,0.0,70.28400047225527,309.46309207808895,105.81886195362547,418.3681457935163,113.12927489223158,83.64190868084484,94.41646767493569,178.48802167871042,67.99284613020191,45.07836615333645,92.64488720633834,692.0713848967941,88.6656843465475,334.3140373507003,32.0518999548811,853.1128213333064,578.2196150708572,602.6356378476274,186.53108456619648,156.32344674945827,284.3660211409181,205.4788177770959,255.08937104120716,196.80829451615708,283.58142212403817,233.41850984272142
24,319.34170583806235,1297.8685580218032,1171.796434857599,1242.017089673375,1406.512579091355,271.36204493904665,227.18497675962445,645.495419348583,426.4252796474841,1344.5931331527754,1458.0113279424024,1049.9395350497368,877.9820377413839,1041.2709123576165,1105.754996429841,1326.110544793012,946.6226395958964,1315.1287219316714,288.6997158062196,135.02830991370618,416.4653498940809,202.52388343264664,1.6151778524803717,52.04382517204475,0.0,508.3284996092635,652.3319403273664,1207.4644125689185,1192.7764758385208,1422.2001751056546,1255.5874373428423,1072.4795772396874,1076.938980031095,1300.4177979552512,1040.353997976024,976.5598879492125,1187.5508862134284,2167.605273463029,1020.5829534108483,1359.0545920865322,501.7688471821458,1657.2827594649411,1395.2215891572337,1281.9795581137387,800.6863726664711,905.3078076935556,1014.0689987948516,927.6527047384848,1224.4892506385672,1166.5518545348602,872.3787381990787,922.8788422517623
25,381.48660772945476,1354.7221226403005,1227.159049676845,1297.9953303405377,1479.323836237874,265.9845142577785,260.91206876025313,386.3720141652566,318.4709846393532,1390.1372593296599,1539.1541400647934,969.9276254717591,767.8164625311123,885.736212934918,1018.2969260801593,1197.0260055730473,866.2991467847658,1124.3577792537453,168.52498925730663,378.8486518024384,356.22434134348833,704.7966421550747,177.16707910239836,0.0,508.3284996092635,0.0,330.0676755043619,770.4461593256309,639.4715603258938,1012.6650100146069,672.7858289965062,651.6629620842614,563.647203505891,665.3710910498396,515.7412326056553,445.65483629671974,611.8274781046862,1242.8061644318425,675.266369356083,856.1671524512534,241.54723363568792,1438.259335157717,1055.9183852747008,1055.1647460293864,616.135296905778,543.5701586126157,777.7191261877114,578.1196450340888,968.2570559825951,885.1715086303601,682.1994185163579,686.1582301396444
26,864.4242398806819,1231.168884095049,1068.9153379870506,1213.727243577532,1253.0838362787822,14.65027119854254,118.80574704835117,591.657212358894,398.261957351196,1284.9104762299614,1365.0707598903884,665.2940553032128,578.894597441996,619.7910001439778,705.6894434804017,823.2727448520405,705.6150567937264,855.9997601445609,351.9492036320116,491.71366200577717,493.8476874097837,831.3004264941557,314.86597318468773,70.28400047225527,652.3319403273664,330.0676755043619,0.0,264.0729290692655,386.73104624098096,561.9583782092142,30.2086126463743,21.147250690578737,6.355873302479974,31.22939666468684,4.320935523892181,9.067674013787185,14.886090325922169,1004.559254265682,45.030305091309856,473.89785931119775,171.0267758236311,1007.6752336187466,509.92974290998586,740.3805358297074,294.34978294427094,201.39724778176503,439.13093721274385,335.1464331380916,501.1820913587348,232.40117752231458,389.00832567129174,357.6165899383819
27,1174.471495877722,1322.0312327169797,1181.1513579229409,1479.0089780380113,1369.2133686874638,259.250130096387,17.665222874950548,575.3692572368138,454.6505277754892,1467.5310664636743,1438.858135226718,907.8852316631363,792.7877701168654,838.5308214009157,963.4558750295788,989.3550258375313,926.6131043594379,1001.4334626127669,851.2068472805717,908.2114186796332,906.8843788802874,1362.6158683996648,709.6339046454283,309.46309207808895,1207.4644125689185,770.4461593256309,264.0729290692655,0.0,518.5443641796702,707.7717826704718,69.60300670096518,77.10651207968772,43.403801344860774,84.2902212984266,27.110079034320137,41.88193691178193,43.59047051933782,1053.6462274403186,28.311253491710485,556.5577668847343,396.49679277090195,956.6456013738052,552.3535316286575,666.2365951459035,304.863565301008,224.81677784511098,524.2396580495713,435.7244359594777,688.5771837824,427.2785484321056,551.8097661921631,573.8457800961235
28,1076.294928195491,1514.5140222544621,1364.5342387908172,1689.7803267128581,1703.050307068259,521.349849423385,280.17052672711714,141.50876182231735,634.7329440492848,1601.7473236223236,1706.5215964107178,1302.3947291315449,1085.7528161687198,1123.0572806596017,1356.9752527212904,1341.9433107120112,1181.4812990391026,1297.2168213497075,737.8572347205532,1009.1484096758071,843.1108643003295,1271.6815319798186,636.6122085353587,105.81886195362547,1192.7764758385208,639.4715603258938,386.73104624098096,518.5443641796702,0.0,742.2635028296211,176.3399048653019,179.07111091288394,123.62635299622526,195.7595343471511,123.30634984054468,114.01443250029588,132.2314478906875,1051.77359032772,140.34732526151163,381.34400607750695,356.08489480764933,1044.3144670340184,721.4359915569677,751.2567120855031,470.9924631432875,379.7930605834165,620.8829660996471,511.658786884822,599.2112099886034,419.41343789587347,504.97886520892496,522.2141300926794
29,1277.1628230738193,1339.8246376557668,1117.293727335091,1412.5024910105085,1503.26684328798,429.66672125302586,283.57779147924333,760.0465759395114,64.70600271722651,1404.098879851923,1467.083372262925,1192.6400040597143,1083.5932494205385,1017.4478717186856,1215.2214855437594,1400.6734342848033,1231.0257539173006,1311.4578348024274,1042.7194743597047,867.7044914959072,1086.6920032101666,1608.9735571442368,541.5116801475355,418.3681457935163,1422.2001751056546,1012.6650100146069,561.9583782092142,707.7717826704718,742.2635028296211,0.0,121.82158549909629,87.449792937742,101.33102236541733,109.90981859028177,63.11719795997224,71.02731819063031,69.84550721145958,1148.7177354573441,63.45691480819025,521.3757739196133,316.183475359574,660.4164114174022,447.58334967798544,433.8973748938566,164.4134427243214,107.46075755013999,403.5807267398066,331.8011381838871,483.11775774894045,303.31302106911,375.96510785820885,331.34523756177424
30,1164.2290394773631,888.6734540489023,707.8157802865613,1094.7185880762972,1193.2788259574186,33.51081455344127,67.7234008263262,523.9702200919692,420.5824083037658,950.5621891391247,1088.2439943603426,56.48416312099551,93.83758887558076,56.5792943721557,56.307552050224075,72.31770516136412,101.90176915378223,117.15421196582702,649.3648868725162,733.5448484721392,576.3906728958127,1369.3228540461378,589.252822905541,113.12927489223158,1255.5874373428423,672.7858289965062,30.2086126463743,69.60300670096518,176.3399048653019,121.82158549909629,0.0,185.40752410980957,72.91752158908396,145.71889442973804,17.992524201543596,93.77094612473702,54.01474584224354,2251.8247417788375,385.3765081033915,990.453792259276,1450.623145922755,2375.8165380832675,1780.6816663067818,1919.7570435175192,1414.4361800108427,1202.3089412991158,1697.241874338353,1629.81652376428,1912.796017003729,1527.3602130583445,1754.7508394371016,1694.0805626411536
31,1152.5915313194294,952.1536093513085,746.040178128762,1079.9374202486972,1207.6027621648884,18.694993568548888,56.337843267535,540.9842202673565,455.5409896299919,977.4715524225724,1120.0219564982253,78.91665455220858,104.29667675602352,56.31483046961606,47.25571899615533,53.37140962831527,154.24212885584575,140.17855646462516,565.7902924064439,666.0255743272178,552.4823554383511,1240.0423010468141,482.76035190990865,83.64190868084484,1072.4795772396874,651.6629620842614,21.147250690578737,77.10651207968772,179.07111091288394,87.449792937742,185.40752410980957,0.0,100.08812287158042,155.13848177052424,66.22138154722546,78.32506998148615,68.86553016529872,2196.131708321749,241.80875460545218,968.3393479790009,1300.6112392877055,2191.2067030263665,1608.4429518126617,1751.908629110217,1217.7598748089338,1063.839633166126,1546.1913131830852,1495.1813617962875,1754.0770569314195,1412.2222400603962,1607.9884220420352,1564.7910623296323
32,986.9928229943283,866.5672019895785,717.3797938708407,1003.9407976117109,1116.2782393736259,41.260333727166,96.00053755857788,466.4370667742314,420.1110894164238,888.8570941693022,1103.8058831585156,37.61173581791324,20.32985279766039,28.398379160938926,42.22267523394012,93.87772508670253,40.9989319000625,171.55820576007173,534.815793377088,664.6638570590386,509.9256137447657,1220.6427108383732,461.73422793882946,94.41646767493569,1076.938980031095,563.647203505891,6.355873302479974,43.403801344860774,123.62635299622526,101.33102236541733,72.91752158908396,100.08812287158042,0.0,54.44757340727935,13.853874822851246,24.46838268294001,2.287508451674455,2088.9995476251543,280.20601557397663,877.7900473623176,1275.604296938697,2153.4192630762245,1578.0375306832457,1754.9697533069843,1239.0303813956568,1032.391025780436,1511.119967729901,1467.4389107109923,1704.5539423765958,1355.6424841956527,1559.151348399312,1509.6242795062462
33,1178.870592707206,915.4510648816861,762.7123316588112,1123.8915067246585,1176.3657316479516,69.67594461390874,130.24262923261026,514.1931149070024,472.24708537032103,1009.4620420630358,1139.2227559735352,46.097105567588414,80.42588543287307,56.118264398181275,54.1166319562339,156.82285989933007,40.99203738938026,129.5761921792003,657.8733410204266,779.4785103898449,631.937796241882,1441.375487007995,558.9488892796581,178.48802167871042,1300.4177979552512,665.3710910498396,31.22939666468684,84.2902212984266,195.7595343471511,109.90981859028177,145.71889442973804,155.13848177052424,54.44757340727935,0.0,37.40442268627235,30.106090288495185,5.662924596939803,2104.4707682082208,266.8849313043959,907.6626389091139,1313.653316134108,2181.567230040598,1578.1285532919753,1766.397844654974,1244.9230964524136,1029.463976022964,1517.2759830015261,1478.914276253874,1717.20307523181,1366.0653948547488,1568.1841470554864,1510.5807696769693
34,930.0136298673428,805.4648313447473,678.4981434041374,919.5426520410888,1062.5350803967672,29.438609321944703,73.30991578987926,430.6224358752274,359.9340794497613,834.3423507992909,1016.0697549868812,18.608931596636662,32.582829878566905,19.372208908479678,30.55209712026156,38.96471831690075,30.267675987267758,94.67149574257402,525.1330590127258,629.8655766932566,492.3228252133488,1195.1812566498006,472.3809688462721,67.99284613020191,1040.353997976024,515.7412326056553,4.320935523892181,27.110079034320137,123.30634984054468,63.11719795997224,17.992524201543596,66.22138154722546,13.853874822851246,37.40442268627235,0.0,91.80104118410763,61.07856362876651,2248.839728913026,457.21185223853104,1032.335582262847,1420.717086241257,2414.845867023085,1799.6203595404643,1973.6689535324012,1447.5217274645695,1206.4158165337221,1726.766223572642,1660.6135507772447,1948.7657478378458,1566.6704308488215,1774.1045612422972,1691.7907595800318
35,898.7106203007801,839.7083337708704,703.2839839294494,910.887181796488,1059.5058213708883,37.68419398456017,103.01044246266817,418.87698147460344,395.04529130066874,841.6278659761401,1045.951064996143,27.801752883163637,8.016461456419073,5.3102251650030805,24.990961366395695,115.28517705885095,18.36953682934083,128.9467485269061,451.3466599740575,632.1140621079361,445.68060641286496,1126.16337330034,395.93765043522035,45.07836615333645,976.5598879492125,445.65483629671974,9.067674013787185,41.88193691178193,114.01443250029588,71.02731819063031,93.77094612473702,78.32506998148615,24.46838268294001,30.106090288495185,91.80104118410763,0.0,38.812515749092164,2172.275420070887,417.3526044073611,982.1892716273987,1372.9416687882842,2292.9535932218305,1690.7507086922135,1861.0423141555702,1329.845311442086,1110.0611483308494,1586.126744668824,1530.5360606914655,1820.2958239405025,1461.2471984629847,1651.849786037181,1600.593845551533
36,1026.845552866089,815.9395877772384,702.178815085226,1018.4221194311326,1153.984122105926,67.52228516694782,102.07210994698663,483.5174660774398,403.59831385117076,864.757626485695,1125.1598846577942,71.04523409760709,46.456724378078746,28.566268566486357,39.902424512122835,74.93513838653398,85.98445594953056,103.96855804412388,556.7336623373274,710.6570661837538,524.4117664290405,1307.2320092977805,525.0973171916115,92.64488720633834,1187.5508862134284,611.8274781046862,14.886090325922169,43.59047051933782,132.2314478906875,69.84550721145958,54.01474584224354,68.86553016529872,2.287508451674455,5.662924596939803,61.07856362876651,38.812515749092164,0.0,2303.5334514130145,460.75314418654517,1071.7655544371892,1581.193196858713,2428.5401030670337,1814.3073698581254,1989.5026431540862,1484.9599711083188,1216.806378697457,1743.1257313789188,1680.8733244838722,2020.2610738422427,1606.7378763877532,1816.6452229507192,1760.2237150006556
37,1934.7439999386754,2174.1198987802127,2064.414088767916,2248.7723891026526,2449.317175461172,998.593501825607,823.1885473386931,1050.937159103317,1012.1427697209797,2232.5939861939332,2491.0719196634113,1855.4568306010003,1717.5927635657017,1673.8752251249866,1935.391240786747,2153.3382009479114,1857.8125020422215,2008.6407612383994,1381.9388786919578,1750.5156301119443,1500.5119523975043,2364.7075966930247,988.4436110355947,692.0713848967941,2167.605273463029,1242.8061644318425,1004.559254265682,1053.6462274403186,1051.77359032772,1148.7177354573441,2251.8247417788375,2196.131708321749,2088.9995476251543,2104.4707682082208,2248.839728913026,2172.275420070887,2303.5334514130145,0.0,744.4225486729298,1040.7347811647012,822.3032445724762,1206.5598411154306,904.8649939563733,1006.3450227933646,764.8876142298661,715.3132940799325,900.110830821855,854.4834141550353,922.1994037427155,701.6145102227661,802.9947972654418,803.1847456898496
38,1023.4827040415446,867.0574588748153,724.717800926275,1065.6771789120533,1047.5793087690909,14.81111942913135,98.0152229028914,465.6938533833883,345.18120811082946,948.5137027136284,969.0881193276103,250.77821164589523,158.6643899699489,94.2218775394055,231.02392971580804,158.09176193477833,262.45771053058616,60.18040401858383,659.8892279015562,626.5348435258783,617.7774178833799,1259.234262470246,451.50033527957225,88.6656843465475,1020.5829534108483,675.266369356083,45.030305091309856,28.311253491710485,140.34732526151163,63.45691480819025,385.3765081033915,241.80875460545218,280.20601557397663,266.8849313043959,457.21185223853104,417.3526044073611,460.75314418654517,744.4225486729298,0.0,1021.1062506540137,1267.7356726148944,1985.6534935861093,1441.635160415643,1540.0164260365427,1110.2460330434867,1017.2035774198055,1360.9120827264333,1319.6014460582485,1512.8461869993557,1200.2168461767867,1420.431505503939,1299.0995036864626
39,1330.481067480557,1303.8731738738481,1196.675295590526,1469.1125767998537,1590.5328254601661,604.5529361027881,423.31059370938715,527.1204264585201,682.580397690225,1375.213830683696,1484.034318870395,888.1063971358549,765.8171220118229,762.4137538583581,886.8484204098123,907.123045052289,801.638681008058,806.0773092386954,891.1357411104593,1125.789359779019,817.1614870208422,1506.9522476168218,765.7415244811456,334.3140373507003,1359.0545920865322,856.1671524512534,473.89785931119775,556.5577668847343,381.34400607750695,521.3757739196133,990.453792259276,968.3393479790009,877.7900473623176,907.6626389091139,1032.335582262847,982.1892716273987,1071.7655544371892,1040.7347811647012,1021.1062506540137,0.0,621.1080336547772,1374.573823539107,1056.7446318085474,1104.0974978672705,732.0172191135475,599.0172399256376,778.2945843680608,724.4028495678949,698.6975177392069,518.9716429320092,736.9238752415915,590.5097239398026
40,177.47930535642817,1111.5957401378344,973.4935711048545,1041.9154682214285,1094.724505699881,319.43619882152996,254.00330613929793,427.976826426072,413.2213842931123,1156.157921202001,1342.0182306832899,934.399621344981,801.8684726136038,964.5948442227342,961.4961357282583,1196.985749458297,947.2767692588895,1314.1805658701408,177.77551368945183,12.697067426567243,285.643742034801,340.89542511084414,20.759809076306723,32.0518999548811,501.7688471821458,241.54723363568792,171.0267758236311,396.49679277090195,356.08489480764933,316.183475359574,1450.623145922755,1300.6112392877055,1275.604296938697,1313.653316134108,1420.717086241257,1372.9416687882842,1581.193196858713,822.3032445724762,1267.7356726148944,621.1080336547772,0.0,1843.16683604755,1343.9301822762368,1516.6385285789795,933.2733217731228,832.345535220253,1209.796261293082,1122.5308971796271,1459.413080660991,1295.7876468402305,1225.6243994191493,1180.260004989959
41,1649.5046601360862,1311.3747214092948,1052.2975587276148,1367.8527039250878,1282.9486545648056,971.2406247484156,483.55548753789316,1263.4471608637848,654.3889419591001,1406.0064539893674,1461.5864052979316,1924.3211767324196,1780.2245183073292,1826.373020899895,1995.444410475942,2033.6758684191846,1949.5879101334604,2005.4198483962232,1396.4894383280507,1304.0513247703104,1609.1713924416063,1814.8665474876325,1130.998541564213,853.1128213333064,1657.2827594649411,1438.259335157717,1007.6752336187466,956.6456013738052,1044.3144670340184,660.4164114174022,2375.8165380832675,2191.2067030263665,2153.4192630762245,2181.567230040598,2414.845867023085,2292.9535932218305,2428.5401030670337,1206.5598411154306,1985.6534935861093,1374.573823539107,1843.16683604755,0.0,73.88465681455551,8.97220663440686,34.55086961391249,83.2342329771521,49.44194259306766,49.622713739385674,163.45183329317638,107.28442412016231,87.00067587798138,76.11401059319446
