,0,1,2,3,4,5,6,7,8,9,10,11,12,13,14,15,16,17,18,19,20,21,22,23,24,25,26,27,28,29,30,31,32,33,34,35,36,37,38,39,40,41,42,43,44,45,46,47,48,49,50,51
0,0.0,856.9102012042224,918.5770005444441,749.3492632417353,692.2560238669118,471.561043934778,709.0599792666493,538.3894956411983,554.532234966894,714.0945147949714,913.0528108219949,733.2776803572989,625.3427449718156,859.2015194314388,728.5765199985309,758.0305148719642,568.8183713735276,822.120177772511,280.43570184107637,267.48573761016866,325.23447313549,160.45417706185629,290.8189647685404,340.771344486704,213.95057650103976,223.1297309962103,521.3911136140886,731.4297154642259,604.220398833297,694.0098914146644,896.9927379577906,840.7745203328599,787.7384785056068,949.0069275981272,736.7638494027827,711.6503006760134,844.7428133299148,904.2666635227521,764.1242407566406,842.1771934779134,105.78987402676108,565.6564296647723,520.4823678072969,527.6543653362202,354.7046675246907,356.1342677242818,413.96332720255225,419.69001809657533,499.67032225986407,521.6789446389704,391.74368843928164,411.2004183206112
1,856.9102012042224,0.0,65.8170891637178,170.39106572022655,16.136457699218653,348.84162728441805,462.34190942160575,542.6224937206608,443.58848926491964,2.8402493984160095,54.491127538046065,269.1039073788333,275.34628175927,249.63411271253887,264.380937188731,265.5489394334984,274.3600982086107,253.08666162962072,348.4217960834914,423.84371513636734,280.4444258311674,379.5261199126082,500.3540941598578,491.4681522083095,489.49249911130084,456.91651070177784,356.53286628389793,461.6325393324568,500.949178237736,393.464757887005,284.14689466423766,264.0228204559463,273.3480287259257,274.1191005808244,264.80526320624887,263.9979050452948,264.6994850886399,459.0055741994412,261.17176556795965,357.97618258070645,387.761111537524,333.7018780094827,320.7185385659153,246.80582121918138,403.8928337680593,388.5534748954814,427.6765386703229,404.6310149396894,396.43211015412743,381.0910600231977,343.46737909043884,349.08999494099646
2,918.5770005444441,65.8170891637178,0.0,41.35233188474957,0.0,308.01592276271583,443.6874810434668,524.3730523893823,414.4382274582092,1.2421616177000474,3.8282713794371297,236.77678722841623,245.03966680734334,217.77101720885474,231.76779580181585,233.28321529268004,241.64832957540645,217.54249994450103,328.5153945769906,387.2201780282382,258.7663057184741,349.479088006349,464.78094840508743,462.0983490453015,459.72119621991465,429.4750503679647,324.2903016450047,442.4597380460746,482.7021467501039,364.67732929959567,241.30503349005352,229.41912998409117,236.88869849865208,232.72007835555618,230.06405499279782,230.24728956210552,227.89817727053872,419.72563670751543,224.10177244146968,334.62330841531735,351.3169475029157,319.06296805060333,277.8687530750642,234.53187487095155,374.4010569555291,358.2506320084948,387.17370075840756,359.12985178120846,371.9004715743017,353.6712402941301,322.0479783398644,312.12288509319393
3,749.3492632417353,170.39106572022655,41.35233188474957,0.0,6.646588654905331,338.8175349158247,620.9570485053318,640.8951940099796,526.1270572828364,70.04654453238818,112.28700459992716,439.72627582101586,397.4948115020328,419.1325013767338,371.6091842345196,473.75267136617276,330.05927125151305,473.66634677652803,342.26151882368157,404.1831164624253,314.20429896497984,368.2260720354787,480.22874379619265,490.4683707272695,466.60496286288554,440.18475424378244,384.4972756502738,617.2336070984676,689.1608942403144,510.34207326408387,531.5937233714582,458.6459405179712,478.1009305395357,546.5276648679509,446.45473932032263,413.99396496563475,537.8002882735968,579.928346497343,483.2613395713206,558.3092259952296,370.2639040666763,343.9039465535194,335.0925088444602,351.45863808294104,380.8599177458183,380.8352143926215,398.7199572146306,384.6702742218583,444.147652846147,575.4648033432413,349.3020157218077,416.7922400617674
4,692.2560238669118,16.136457699218653,0.0,6.646588654905331,0.0,355.8508974418688,477.5526689940867,587.6672751079925,513.1112521469919,34.24091436387522,2.0246012886737788,446.5942906457305,474.74784318819223,436.375256835094,416.9751254677102,407.5614290058452,431.1903683810774,423.84817111714176,456.66031978172833,393.33194550627144,370.1783990113554,487.9145749193268,495.6529587617617,530.2589419756712,628.0640949222411,549.1686469097809,386.52949373953436,517.1409211783792,666.1273476949862,529.16564401461,527.2286097286465,514.826553113572,515.7627702940499,503.6753579519586,474.49737665912414,486.6561486048554,562.4645622137442,680.782969049107,362.9109337528955,552.0351272728542,388.53220021505126,345.2552430888491,287.91504977667006,268.36221392009065,443.2227815812151,432.3541421506074,395.3380898310876,372.94413006033744,466.1973480141724,551.914148819717,349.17716786537363,353.01476581033216
5,471.561043934778,348.84162728441805,308.01592276271583,338.8175349158247,355.8508974418688,0.0,137.24954432033564,226.39016519207064,166.99393791049957,388.35686836424,439.54929554219797,40.728095955851416,28.774568270532555,6.224353357501286,13.095796947937972,19.13522732859991,7.474766995949032,8.061157827399427,21.459828760489753,195.546615872731,50.67066477433525,165.83485603770544,266.7444220559651,145.3899447461695,152.88955170587667,128.4799927785283,14.65027119854254,105.18152934354904,234.31278914567844,176.66342068733536,29.86562807826048,16.0737078667395,41.260333727166,52.80469049448082,25.913917683886574,32.79529287342682,62.41039510630661,286.32285844462353,6.164163397944332,201.5119509120434,206.96307733618698,296.2813373460272,105.40701660876867,245.9394928051329,58.46442736524669,22.278365298969973,64.44510988629614,74.7569071291331,141.02147702811007,44.30107201978804,211.1831463229867,171.40518877445348
6,709.0599792666493,462.34190942160575,443.6874810434668,620.9570485053318,477.5526689940867,137.24954432033564,0.0,72.95170321000737,124.78440755756966,332.3776332727599,363.7065352671445,67.82449311859742,50.359927177989626,32.23583640385598,26.935735405305437,13.175143814012719,32.7353509129329,31.053318160994916,62.363008941152636,227.9070198173573,58.86669588407464,174.03053905942795,266.44411689675366,140.9077879173837,157.62731805096686,126.25947661420462,49.109028477411485,0.5250242558546319,74.34749637183211,154.3823223318762,35.857428863165694,27.377391789318512,58.977775021281325,83.26548834300775,38.66612208832956,61.681018141642454,64.1121710564808,159.91467565746137,18.114880780563393,93.82332480520624,192.50974587251935,218.71220462159314,121.50217131230562,149.87488848923897,45.48177270177146,47.43687451426017,65.37078152407261,63.13057688957329,138.9442243613389,80.71872220369498,167.0992699477222,177.79934959616193
7,538.3894956411983,542.6224937206608,524.3730523893823,640.8951940099796,587.6672751079925,226.39016519207064,72.95170321000737,0.0,299.64783735062724,611.8526139565643,622.4126912976377,233.06965934881399,182.61625771528537,246.916012615049,196.03593559335275,172.98589589715488,148.4054295589396,202.90411213104534,203.05864019344347,387.90181282232504,183.85213516652064,330.4181695417382,408.9447773342614,156.82404682994007,391.9852464533703,200.1501520732803,280.01018691621846,135.34341164106706,26.92579873429905,365.4801716070329,244.4042514586445,241.23386490729322,211.4359712784564,242.75970503271972,172.21642959001892,169.58253761695303,231.68488432973254,390.8766032332731,222.9242683559071,290.66997468779255,266.1808671772522,410.58940472720394,333.92375929381194,378.42238509753633,221.9644536501574,191.4511274746563,231.1544284562574,281.9731833821637,280.7071159420084,228.35043993081584,274.7141082209536,243.5283090997139
8,554.532234966894,443.58848926491964,414.4382274582092,526.1270572828364,513.1112521469919,166.99393791049957,124.78440755756966,299.64783735062724,0.0,432.97493811389,440.2250831119468,204.5319174107381,192.7631344948729,152.56348321885696,188.85425957712465,134.8009928064407,165.731353130405,125.76337468676067,150.00260656437598,181.69459866377176,183.3461122483152,229.07868274379692,174.52555513429166,171.83391818621945,190.9307715671389,138.19099571043478,166.88987477566354,128.57565831359534,201.9844710493526,36.071814898611755,180.44760103479945,182.37684631330632,181.51551478564653,224.331116964078,168.50734991157336,209.4045853134826,184.14864889586715,267.09328458152885,143.76551416430974,263.7309360498059,208.46163153483567,194.48866112400196,146.43766787124048,181.86876406800792,82.38359196711991,66.46733290579031,130.3064380636782,189.00774088417464,106.19513199578631,95.39484126334634,68.78850385008047,106.20487673224338
9,714.0945147949714,2.8402493984160095,1.2421616177000474,70.04654453238818,34.24091436387522,388.35686836424,332.3776332727599,611.8526139565643,432.97493811389,0.0,88.07123420306782,303.265207442546,285.65259896930075,253.30414208349364,286.48062325381045,319.5706468910605,269.02049747806456,327.36984643039165,364.4112069518084,430.5220269898473,295.827909127169,381.60446965212054,503.98142551689625,492.0058344564817,491.1858125040658,460.9138194623698,364.54950839960406,522.8407455521942,540.7517735549085,415.68583168065277,343.19412762052514,289.7170117525288,295.97610414893126,353.7137095396766,291.7245357867577,269.485384662652,314.3409719166274,435.74107300094033,321.4181524242289,406.81828831721987,388.5051389273032,356.6642920753311,325.83456730620736,270.6563104568217,404.36016348973635,387.46989182337165,416.5874202500571,387.0204591818148,402.75349661479686,423.32574698640576,350.7444712909461,341.2977721867642
10,913.0528108219949,54.491127538046065,3.8282713794371297,112.28700459992716,2.0246012886737788,439.54929554219797,363.7065352671445,622.4126912976377,440.2250831119468,88.07123420306782,0.0,486.6604676310451,495.6462753663827,441.79429367647276,450.3522273079359,385.0108253131027,472.6939081472881,442.5781065600874,535.7192941210782,656.3365063886225,494.10918913569213,631.2824320741548,705.814755374466,596.931502793521,667.8950459800743,651.6625608164458,503.19029012371624,557.2923580662921,685.2177303596502,550.2722983710768,545.276272228838,515.657349053047,561.4930010721771,539.9352630010579,522.8248383409401,523.6045629962736,607.137708113922,779.1026836275198,362.669925225145,564.5780100430975,657.4974513748396,441.50422282491246,359.0356843673161,364.22613593744313,481.94890984175703,492.50729376121507,520.0276270439934,469.22960111548326,520.7922258151357,567.3773547297393,412.15302194607176,399.79415921358833
11,733.2776803572989,269.1039073788333,236.77678722841623,439.72627582101586,446.5942906457305,40.728095955851416,67.82449311859742,233.06965934881399,204.5319174107381,303.265207442546,486.6604676310451,0.0,62.85774512380669,41.70833622548452,4.664302167110377,81.35964061324965,21.760676322821347,60.07135999217819,290.7800187409316,687.2942653007514,256.29504979767046,563.8885303717697,772.3778722506911,504.41425002159997,660.1293559361453,470.7432182850428,294.0491727492988,405.3745258985631,558.434991204532,585.6441754425183,39.67866473970163,63.59909754111096,8.745230195499941,9.809653273891138,3.7336478033975453,3.9033873851597747,33.7082745262243,517.4727447975391,146.9102874035825,264.5822369174565,611.6408182340303,705.9784929040852,474.17091146111477,595.560662525677,422.5997731737518,341.1608714959135,441.8385127626956,450.0447077898052,565.1492543725084,429.5945767906133,588.5476715567402,550.3670936780028
12,625.3427449718156,275.34628175927,245.03966680734334,397.4948115020328,474.74784318819223,28.774568270532555,50.359927177989626,182.61625771528537,192.7631344948729,285.65259896930075,495.6462753663827,62.85774512380669,0.0,18.055826321115486,26.78862206379492,76.39005112094749,1.7024119404884719,69.11494054789587,214.91529710608344,633.6990529851522,186.05941943577758,502.53885691345795,723.3030164704337,398.2250284822672,588.320559780873,389.3406947146647,254.75593872873813,368.6409167906554,437.1017253382851,462.099285265188,62.876470954337094,41.58552943735485,18.884173004785264,59.58173335290631,17.646405370592223,3.5990268992715073,45.55505397192642,519.472941672282,94.80609557775138,239.9284705847647,556.174630741665,655.7480893711601,384.8670879604909,558.7198212931461,350.3283710927234,282.38144548394973,370.64192570192694,372.4207811864273,453.805775427754,345.10208816645303,473.8313757191766,484.87644267192377
13,859.2015194314388,249.63411271253887,217.77101720885474,419.1325013767338,436.375256835094,6.224353357501286,32.23583640385598,246.916012615049,152.56348321885696,253.30414208349364,441.79429367647276,41.70833622548452,18.055826321115486,0.0,57.542736219625766,45.570663810294384,30.386290898884,40.47313746466288,324.5777221762348,725.4890336023253,251.51745685476783,626.6049700961274,769.3130008219426,499.6687884819736,713.1328540243255,486.419088594389,300.7636015925169,389.57079184769196,477.96497505639667,486.60218590668944,41.049051130334774,14.960526845197975,19.516113330111498,48.8627913897772,11.923312013955151,1.3778455776987117,26.160592240109295,525.9438986353073,53.10794809847962,242.63748702345546,671.2076951844333,664.0195954875575,451.3840120041307,549.7523703773003,405.71019277358397,344.887076804901,446.7250637688714,447.93099336265493,540.814255163817,397.1117495314896,562.455498926703,542.709195825986
14,728.5765199985309,264.380937188731,231.76779580181585,371.6091842345196,416.9751254677102,13.095796947937972,26.935735405305437,196.03593559335275,188.85425957712465,286.48062325381045,450.3522273079359,4.664302167110377,26.78862206379492,57.542736219625766,0.0,76.36823759107912,4.091020174130168,59.79092965682189,291.72281998706444,714.9631620087011,254.35869068174443,569.234158466323,832.2425348300887,481.08203028261465,669.7347403270967,473.99538962331303,290.7816551488497,412.15577982475384,549.1498781950626,561.8981290966898,34.475533704314465,45.84532411797016,9.630671538648645,19.80391965317918,5.06862840197978,2.5984695962104922,14.383095106875668,552.187887696201,115.62739688256971,255.09889764994313,604.2095055009427,737.9058615093238,461.18418994847866,630.6295606669333,427.9984771070072,339.8546062754393,456.3146281635964,452.5141698003377,551.6659514274855,395.3024155983304,585.67287617332,570.8347615572782
15,758.0305148719642,265.5489394334984,233.28321529268004,473.75267136617276,407.5614290058452,19.13522732859991,13.175143814012719,172.98589589715488,134.8009928064407,319.5706468910605,385.0108253131027,81.35964061324965,76.39005112094749,45.570663810294384,76.36823759107912,0.0,81.92193289656036,43.17335892763123,472.24405867078394,892.4800331883337,424.1462725197526,823.3745493892725,909.6199662667743,607.2763382035558,854.9201222714194,625.8995946864552,382.67937851617626,426.16324091109,499.24183683198555,672.1948813710603,29.617576706141165,43.11817867067063,57.46373428598314,76.75608885657219,29.664763714836024,76.16981692305437,41.785869029989215,687.8782526634108,17.35643097192962,261.41860210487005,828.3358026953027,735.8798482183561,519.9559345691342,589.9572212002134,462.8248364902179,410.87778757261566,512.6045748701654,523.7556589132889,612.511684799541,461.0391599198588,620.1668893762902,604.8859253519618
16,568.8183713735276,274.3600982086107,241.64832957540645,330.05927125151305,431.1903683810774,7.474766995949032,32.7353509129329,148.4054295589396,165.731353130405,269.02049747806456,472.6939081472881,21.760676322821347,1.7024119404884719,30.386290898884,4.091020174130168,81.92193289656036,0.0,42.78313438249204,289.9664820117167,745.4861728536046,256.1996944989405,567.3480096185195,809.990699395128,486.6671736700243,640.4962617085821,460.0191646117135,324.78944741730777,436.9110385439565,490.984854694843,560.2074511638721,70.27882389717234,78.58561141745457,37.623008031600335,14.015542118715056,23.682100463386245,16.72215485879095,78.84488315148636,595.4101808000554,169.46002430357737,269.00185235905053,661.1771537852626,750.2775110627775,482.4653664033722,640.3934445067932,448.9101406718642,358.88473169731094,456.13866359843126,466.7951213524603,534.8813830972144,428.0338306282538,542.7681804166011,534.6160823837978
17,822.120177772511,253.08666162962072,217.54249994450103,473.66634677652803,423.84817111714176,8.061157827399427,31.053318160994916,202.90411213104534,125.76337468676067,327.36984643039165,442.5781065600874,60.07135999217819,69.11494054789587,40.47313746466288,59.79092965682189,43.17335892763123,42.78313438249204,0.0,501.6106828096371,960.1883665267434,444.17151813602976,866.5289857670252,998.9635098969256,662.46708803322,915.1629617789049,667.3462129594238,438.0294719438072,450.7632583048027,551.1113601545798,680.2666525999697,63.70894320697374,64.12388225500682,97.04387861928502,96.68644461804587,62.578508441407266,81.59922441310829,73.8465634504073,700.3325129617223,21.689176886235146,263.56769912610173,966.1868494282049,766.793912689407,539.0881582071366,619.3098999269669,473.46483123571306,436.4473300647929,537.1406500526386,533.4381825794995,683.4801730832813,524.5547910907919,657.9193601403053,675.7207040088139
18,280.43570184107637,348.4217960834914,328.5153945769906,342.26151882368157,456.66031978172833,21.459828760489753,62.363008941152636,203.05864019344347,150.00260656437598,364.4112069518084,535.7192941210782,290.7800187409316,214.91529710608344,324.5777221762348,291.72281998706444,472.24405867078394,289.9664820117167,501.6106828096371,0.0,202.27983439839366,42.94339654063849,82.67644923046477,393.31324825882837,253.87928411042353,189.196109928461,78.24652081124822,225.3340707407295,458.80796949705075,448.62130583534065,549.2931562136956,448.5874188879823,339.22198894862527,374.1450438199294,456.23832798731047,339.2643422308269,311.80609107939875,402.0309870624624,543.3303384754644,421.37910416935426,479.73603795262136,47.72366870990584,498.57048646634433,385.7354326252623,437.78147000775846,159.4459337946267,190.60377753319779,218.4181177161385,158.16380374802935,400.118307108643,405.54606624059033,313.65258662611967,294.94631163881013
19,267.48573761016866,423.84371513636734,387.2201780282382,404.1831164624253,393.33194550627144,195.546615872731,227.9070198173573,387.90181282232504,181.69459866377176,430.5220269898473,656.3365063886225,687.2942653007514,633.6990529851522,725.4890336023253,714.9631620087011,892.4800331883337,745.4861728536046,960.1883665267434,202.27983439839366,0.0,182.7613787832335,4.088279992026369,129.15647049742677,329.30326593766637,57.709992834775335,166.60897995097886,298.4873205363906,606.2107414943093,599.235370141804,478.62263998992256,676.3912064512754,605.352366065325,606.5507090581449,708.6481247567988,583.3317433576024,578.1410670085551,669.1680817351204,712.5569923505449,547.9955144498434,693.3202078180245,10.211406423085652,461.62489150689305,411.56580731851295,435.0851319672017,220.6568929919883,277.89433792036266,291.7166958434749,275.5690190913036,356.3856852628057,390.0190491180314,245.30444461119566,268.874550128682
20,325.23447313549,280.4444258311674,258.7663057184741,314.20429896497984,370.1783990113554,50.67066477433525,58.86669588407464,183.85213516652064,183.3461122483152,295.827909127169,494.10918913569213,256.29504979767046,186.05941943577758,251.51745685476783,254.35869068174443,424.1462725197526,256.1996944989405,444.17151813602976,42.94339654063849,182.7613787832335,0.0,128.71816726184085,473.7494489185034,374.94209231080697,260.75265211834335,184.2800335761163,313.03441400932104,500.5880809941679,469.4873337256351,587.0364585699028,361.67807242195425,306.48422229397545,351.2104474755629,432.28054627951764,309.0928856081654,308.14819102065337,356.4889734410188,490.4936111846348,391.44254561472013,415.28216846397544,152.38854621802008,627.4326598506185,517.0458833340114,592.7498237108615,314.6104647467839,329.38018713172596,340.27211719702484,278.78463889304334,430.51133522583154,367.72306793195935,340.8163536937264,329.11262063060985
21,160.45417706185629,379.5261199126082,349.479088006349,368.2260720354787,487.9145749193268,165.83485603770544,174.03053905942795,330.4181695417382,229.07868274379692,381.60446965212054,631.2824320741548,563.8885303717697,502.53885691345795,626.6049700961274,569.234158466323,823.3745493892725,567.3480096185195,866.5289857670252,82.67644923046477,4.088279992026369,128.71816726184085,0.0,371.6493561093723,540.7511579551427,96.39857330560966,357.35044681069127,519.6436549996973,897.8930648207313,764.9245026537312,898.9070934391356,1049.3487120462107,910.9688450478926,974.2237410554435,1101.2045447712494,924.4786149057919,883.0867381067424,1038.3832686055666,1049.8278873410484,920.2623653359808,921.9749781713231,166.80307834639513,713.8651590651988,675.9304142509654,629.4843176813238,512.0017088567473,493.79899484879945,506.6480653845076,437.40925770861344,582.3208764287788,554.9277749452518,429.4923057407126,418.01219131636066
22,290.8189647685404,500.3540941598578,464.78094840508743,480.22874379619265,495.6529587617617,266.7444220559651,266.44411689675366,408.9447773342614,174.52555513429166,503.98142551689625,705.814755374466,772.3778722506911,723.3030164704337,769.3130008219426,832.2425348300887,909.6199662667743,809.990699395128,998.9635098969256,393.31324825882837,129.15647049742677,473.7494489185034,371.6493561093723,0.0,207.2433215827659,1.6151778524803717,106.99496402438204,221.85009085103846,493.7701369331403,475.8636018582048,303.92108290383635,540.401247261193,449.2756376219478,447.4178628367856,543.6356700242042,440.65809538190234,391.59873032795383,517.8137859743185,587.2573908080172,431.16498200398314,536.9138673944055,11.274184129853424,360.8287575136365,297.4804575744472,346.1797234207101,145.7662210766834,182.6560642228781,205.92005091511302,205.83282068978565,247.73962577309064,329.9616198224144,153.08723383224958,194.15662023937236
23,340.771344486704,491.4681522083095,462.0983490453015,490.4683707272695,530.2589419756712,145.3899447461695,140.9077879173837,156.82404682994007,171.83391818621945,492.0058344564817,596.931502793521,504.41425002159997,398.2250284822672,499.6687884819736,481.08203028261465,607.2763382035558,486.6671736700243,662.46708803322,253.87928411042353,329.30326593766637,374.94209231080697,540.7511579551427,207.2433215827659,0.0,50.87771326959913,0.0,25.90093398035507,131.87168840784312,42.62671382129,215.68696349870555,96.68564951436346,58.891861942788836,91.25450615716397,150.9422998008904,37.3098328742089,37.76911652057375,83.23235232098737,326.06414559138466,71.86361783129816,189.42348372092857,22.662956668827434,232.1372152265048,164.89202626439902,223.04110299119878,47.44184006442532,43.35762327362584,80.28767371078385,50.496935112117484,81.55332318391098,67.64259842063207,121.14054990988583,103.22215910629602
24,213.95057650103976,489.49249911130084,459.72119621991465,466.60496286288554,628.0640949222411,152.88955170587667,157.62731805096686,391.9852464533703,190.9307715671389,491.1858125040658,667.8950459800743,660.1293559361453,588.320559780873,713.1328540243255,669.7347403270967,854.9201222714194,640.4962617085821,915.1629617789049,189.196109928461,57.709992834775335,260.75265211834335,96.39857330560966,1.6151778524803717,50.87771326959913,0.0,271.84104465561546,391.2189689014295,740.8150891197745,697.476594323495,746.780773175645,948.8269140276872,780.2787140663169,862.4568493284542,990.8000081231127,815.345737635577,759.4769387627631,918.004695327403,1032.0265738028068,742.248200444911,848.5256333043716,294.7463053929834,572.416336330583,534.4550902935441,503.72965217965634,310.6510938351148,383.3804411455138,373.630391222942,302.4940610988566,462.99369336242785,571.2647966742442,324.11003111276824,381.6649188849188
25,223.1297309962103,456.91651070177784,429.4750503679647,440.18475424378244,549.1686469097809,128.4799927785283,126.25947661420462,200.1501520732803,138.19099571043478,460.9138194623698,651.6625608164458,470.7432182850428,389.3406947146647,486.419088594389,473.99538962331303,625.8995946864552,460.0191646117135,667.3462129594238,78.24652081124822,166.60897995097886,184.2800335761163,357.35044681069127,106.99496402438204,0.0,271.84104465561546,0.0,197.58802596978074,442.96596158750606,394.3735828623269,561.6874551653607,462.6069905500547,404.97538701048035,392.11346312760526,460.4028778807433,333.34418789121503,291.61292550684743,431.23229767389984,547.3939340134001,443.29079736280846,498.09273496344986,118.05633691636181,518.4626490017537,373.1055117155281,446.66664805866657,193.95215035407347,230.79188199359612,254.9927830796906,142.77923692524632,416.7306442376109,414.93151676745936,281.2393596850289,270.48421952828096
26,521.3911136140886,356.53286628389793,324.2903016450047,384.4972756502738,386.52949373953436,14.65027119854254,49.109028477411485,280.01018691621846,166.88987477566354,364.54950839960406,503.19029012371624,294.0491727492988,254.75593872873813,300.7636015925169,290.7816551488497,382.67937851617626,324.78944741730777,438.0294719438072,225.3340707407295,298.4873205363906,313.03441400932104,519.6436549996973,221.85009085103846,25.90093398035507,391.2189689014295,197.58802596978074,0.0,97.77215032671089,138.68279648904198,192.49598657763832,18.748288612784854,1.3537903856417834,2.367747231124497,11.639861922478119,0.0,4.955517109184051,4.948885901381516,225.62603424974208,9.085329450509136,164.14908997190315,88.40433444402406,261.73636897128887,119.04511337257532,227.5879864081546,41.09819771800176,28.742569736858343,50.5762264584125,49.58592027871145,110.25757316827227,15.284246025735953,139.42559025050832,108.08069406127754
27,731.4297154642259,461.6325393324568,442.4597380460746,617.2336070984676,517.1409211783792,105.18152934354904,0.5250242558546319,135.34341164106706,128.57565831359534,522.8407455521942,557.2923580662921,405.3745258985631,368.6409167906554,389.57079184769196,412.15577982475384,426.16324091109,436.9110385439565,450.7632583048027,458.80796949705075,606.2107414943093,500.5880809941679,897.8930648207313,493.7701369331403,131.87168840784312,740.8150891197745,442.96596158750606,97.77215032671089,0.0,186.1779614336155,303.2943716507698,42.05684976359319,23.394339951290586,27.188748036648985,51.85377528621187,7.920961884322772,24.716544841937285,25.796658979325223,197.6948190228119,2.9919435540995143,173.37031123383485,282.88274838763164,304.4194203640089,111.44892643921084,206.16074547852438,26.368066296611726,22.47312583261757,78.72499110372196,101.015400136547,233.05452926819686,138.6624360236138,256.80920972539064,255.71490701160278
28,604.220398833297,500.949178237736,482.7021467501039,689.1608942403144,666.1273476949862,234.31278914567844,74.34749637183211,26.92579873429905,201.9844710493526,540.7517735549085,685.2177303596502,558.434991204532,437.1017253382851,477.96497505639667,549.1498781950626,499.24183683198555,490.984854694843,551.1113601545798,448.62130583534065,599.235370141804,469.4873337256351,764.9245026537312,475.8636018582048,42.62671382129,697.476594323495,394.3735828623269,138.68279648904198,186.1779614336155,0.0,345.6209182077151,76.04812169674985,82.0530508686658,46.99703444148846,81.93280305828938,42.826114597661395,40.919259874420035,54.48443079827143,396.26494754080204,47.94122659922533,163.19937460214217,314.86115049658093,391.2862592530934,292.80120843968166,314.9740971748639,169.5629975832183,161.89772638785746,193.63091716518608,212.23951855820303,253.3439471508703,198.73403058964527,226.1765111652219,233.90460333779282
29,694.0098914146644,393.464757887005,364.67732929959567,510.34207326408387,529.16564401461,176.66342068733536,154.3823223318762,365.4801716070329,36.071814898611755,415.68583168065277,550.2722983710768,585.6441754425183,462.099285265188,486.60218590668944,561.8981290966898,672.1948813710603,560.2074511638721,680.2666525999697,549.2931562136956,478.62263998992256,587.0364585699028,898.9070934391356,303.92108290383635,215.68696349870555,746.780773175645,561.6874551653607,192.49598657763832,303.2943716507698,345.6209182077151,0.0,53.18830038751907,18.382529280592642,15.073292244347964,43.950413333857675,17.75711253646005,33.03113695371954,24.64047980026187,361.18332255833354,18.329416504418973,164.5842267123829,179.64528338942264,214.46939225331516,97.44374977653455,164.23523829231294,22.201755766026285,8.89046594509749,111.94220225198389,68.2034263053418,141.1106763719792,66.57855312653598,146.52051726458456,121.19339990450806
30,896.9927379577906,284.14689466423766,241.30503349005352,531.5937233714582,527.2286097286465,29.86562807826048,35.857428863165694,244.4042514586445,180.44760103479945,343.19412762052514,545.276272228838,39.67866473970163,62.876470954337094,41.049051130334774,34.475533704314465,29.617576706141165,70.27882389717234,63.70894320697374,448.5874188879823,676.3912064512754,361.67807242195425,1049.3487120462107,540.401247261193,96.68564951436346,948.8269140276872,462.6069905500547,18.748288612784854,42.05684976359319,76.04812169674985,53.18830038751907,0.0,129.55978621712245,26.367175088120206,54.95835700478311,14.029809400905798,41.87327234376143,18.191986117957985,736.8223822869618,213.51440248283376,307.25545294344096,1019.5356141087119,978.4129392793242,725.5450801235745,827.9475283224585,673.1623455293559,555.6031909070406,708.4592604980065,703.0366987225517,813.739562847955,613.632554773702,810.3094878489144,781.5054655476215
31,840.7745203328599,264.0228204559463,229.41912998409117,458.6459405179712,514.826553113572,16.0737078667395,27.377391789318512,241.23386490729322,182.37684631330632,289.7170117525288,515.657349053047,63.59909754111096,41.58552943735485,14.960526845197975,45.84532411797016,43.11817867067063,78.58561141745457,64.12388225500682,339.22198894862527,605.352366065325,306.48422229397545,910.9688450478926,449.2756376219478,58.891861942788836,780.2787140663169,404.97538701048035,1.3537903856417834,23.394339951290586,82.0530508686658,18.382529280592642,129.55978621712245,0.0,31.178842896954183,52.63133492195902,14.679111610258555,15.004637313743668,19.751485179587174,655.3460830198982,47.395378343386014,275.2997873198827,857.3995958449425,780.9954117218869,538.7656803750177,639.5611157436635,476.88822467947716,414.47944720792185,537.4355362651122,541.1229640253877,647.7055770625147,491.2737613693729,659.4874210056977,650.3236668432039
32,787.7384785056068,273.3480287259257,236.88869849865208,478.1009305395357,515.7627702940499,41.260333727166,58.977775021281325,211.4359712784564,181.51551478564653,295.97610414893126,561.4930010721771,8.745230195499941,18.884173004785264,19.516113330111498,9.630671538648645,57.46373428598314,37.623008031600335,97.04387861928502,374.1450438199294,606.5507090581449,351.2104474755629,974.2237410554435,447.4178628367856,91.25450615716397,862.4568493284542,392.11346312760526,2.367747231124497,27.188748036648985,46.99703444148846,15.073292244347964,26.367175088120206,31.178842896954183,0.0,25.360066947858467,2.900214718381626,17.47532891450649,0.0,689.7706610219583,145.56673737919854,254.3188090833982,921.1567679177884,886.2505321805193,639.0615739765086,753.3237875446553,594.1845800901212,485.8901976783191,630.9764572879125,629.3075992124669,721.0190553484016,544.5884594324436,727.686624139642,707.0392736046474
33,949.0069275981272,274.1191005808244,232.72007835555618,546.5276648679509,503.6753579519586,52.80469049448082,83.26548834300775,242.75970503271972,224.331116964078,353.7137095396766,539.9352630010579,9.809653273891138,59.58173335290631,48.8627913897772,19.80391965317918,76.75608885657219,14.015542118715056,96.68644461804587,456.23832798731047,708.6481247567988,432.28054627951764,1101.2045447712494,543.6356700242042,150.9422998008904,990.8000081231127,460.4028778807433,11.639861922478119,51.85377528621187,81.93280305828938,43.950413333857675,54.95835700478311,52.63133492195902,25.360066947858467,0.0,8.064377910599195,17.416822260249077,0.0,667.32016995197,107.24680174869057,269.16382932814867,911.8375524988213,851.6368336340646,604.9617844708796,714.452514179026,553.9568803902072,456.58030129280604,603.6832704754912,606.6967812095471,702.8824309631757,529.3262842728302,712.0956435063222,701.6903550422181
34,736.7638494027827,264.80526320624887,230.06405499279782,446.45473932032263,474.49737665912414,25.913917683886574,38.66612208832956,172.21642959001892,168.50734991157336,291.7245357867577,522.8248383409401,3.7336478033975453,17.646405370592223,11.923312013955151,5.06862840197978,29.664763714836024,23.682100463386245,62.578508441407266,339.2643422308269,583.3317433576024,309.0928856081654,924.4786149057919,440.65809538190234,37.3098328742089,815.345737635577,333.34418789121503,0.0,7.920961884322772,42.826114597661395,17.75711253646005,14.029809400905798,14.679111610258555,2.900214718381626,8.064377910599195,0.0,32.73836913275515,21.184020237116332,735.2117310454338,260.292646279791,336.9674288131369,989.4670728025238,993.4602973973599,724.3053207942623,859.2436466005687,686.4087678591939,542.0240874211039,719.7918308207037,709.0305800044222,839.5814447656452,648.4927593956596,834.9518376229715,791.1105106968395
35,711.6503006760134,263.9979050452948,230.24728956210552,413.99396496563475,486.6561486048554,32.79529287342682,61.681018141642454,169.58253761695303,209.4045853134826,269.485384662652,523.6045629962736,3.9033873851597747,3.5990268992715073,1.3778455776987117,2.5984695962104922,76.16981692305437,16.72215485879095,81.59922441310829,311.80609107939875,578.1410670085551,308.14819102065337,883.0867381067424,391.59873032795383,37.76911652057375,759.4769387627631,291.61292550684743,4.955517109184051,24.716544841937285,40.919259874420035,33.03113695371954,41.87327234376143,15.004637313743668,17.47532891450649,17.416822260249077,32.73836913275515,0.0,36.981153857400344,727.1866207382009,247.05529084277697,321.69627832836903,969.4638765174012,971.2638847288473,695.3456117663939,833.6487627683499,620.0040408553482,517.7626466829025,673.9969485201053,657.4148051397447,818.1191017842763,631.3415036194469,815.4372698475445,790.7788569619104
36,844.7428133299148,264.6994850886399,227.89817727053872,537.8002882735968,562.4645622137442,62.41039510630661,64.1121710564808,231.68488432973254,184.14864889586715,314.3409719166274,607.137708113922,33.7082745262243,45.55505397192642,26.160592240109295,14.383095106875668,41.785869029989215,78.84488315148636,73.8465634504073,402.0309870624624,669.1680817351204,356.4889734410188,1038.3832686055666,517.8137859743185,83.23235232098737,918.004695327403,431.23229767389984,4.948885901381516,25.796658979325223,54.48443079827143,24.64047980026187,18.191986117957985,19.751485179587174,0.0,0.0,21.184020237116332,36.981153857400344,0.0,797.6009620056626,274.2007972592786,390.5640512316785,1163.5594768808812,1054.8558286438054,786.214130039777,896.0482141036026,738.9389194090937,593.2852313731141,784.2754557894382,764.9826827587558,929.5473136562288,716.6431353812904,902.059258301942,880.7957129415352
37,904.2666635227521,459.0055741994412,419.72563670751543,579.928346497343,680.782969049107,286.32285844462353,159.91467565746137,390.8766032332731,267.09328458152885,435.74107300094033,779.1026836275198,517.4727447975391,519.472941672282,525.9438986353073,552.187887696201,687.8782526634108,595.4101808000554,700.3325129617223,543.3303384754644,712.5569923505449,490.4936111846348,1049.8278873410484,587.2573908080172,326.06414559138466,1032.0265738028068,547.3939340134001,225.62603424974208,197.6948190228119,396.26494754080204,361.18332255833354,736.8223822869618,655.3460830198982,689.7706610219583,667.32016995197,735.2117310454338,727.1866207382009,797.6009620056626,0.0,172.6280905756575,310.1597144772359,225.77634088244358,202.3117960403846,152.23931723339086,145.90350809018906,104.00530862744827,101.25037040808533,157.01595740298137,160.64865480257188,251.65797903347635,200.60784792933177,287.4187079265347,269.0220488798878
38,764.1242407566406,261.17176556795965,224.10177244146968,483.2613395713206,362.9109337528955,6.164163397944332,18.114880780563393,222.9242683559071,143.76551416430974,321.4181524242289,362.669925225145,146.9102874035825,94.80609557775138,53.10794809847962,115.62739688256971,17.35643097192962,169.46002430357737,21.689176886235146,421.37910416935426,547.9955144498434,391.44254561472013,920.2623653359808,431.16498200398314,71.86361783129816,742.248200444911,443.29079736280846,9.085329450509136,2.9919435540995143,47.94122659922533,18.329416504418973,213.51440248283376,47.395378343386014,145.56673737919854,107.24680174869057,260.292646279791,247.05529084277697,274.2007972592786,172.6280905756575,0.0,360.1267471242159,854.4508992956542,687.2993470808278,505.3703421703805,522.9297320409853,459.72622992011486,463.470395195156,498.25512736852176,493.7654470360633,545.411197885515,388.83463233596086,600.948411524267,513.4119353095324
39,842.1771934779134,357.97618258070645,334.62330841531735,558.3092259952296,552.0351272728542,201.5119509120434,93.82332480520624,290.66997468779255,263.7309360498059,406.81828831721987,564.5780100430975,264.5822369174565,239.9284705847647,242.63748702345546,255.09889764994313,261.41860210487005,269.00185235905053,263.56769912610173,479.73603795262136,693.3202078180245,415.28216846397544,921.9749781713231,536.9138673944055,189.42348372092857,848.5256333043716,498.09273496344986,164.14908997190315,173.37031123383485,163.19937460214217,164.5842267123829,307.25545294344096,275.2997873198827,254.3188090833982,269.16382932814867,336.9674288131369,321.69627832836903,390.5640512316785,310.1597144772359,360.1267471242159,0.0,405.45384004443986,563.524042311151,441.57516485153496,438.77230216310033,346.1745568873542,278.1087946971612,338.0292243018864,368.5747117686748,189.29591726414537,108.6692304627407,256.5240247224785,176.08114267030317
40,105.78987402676108,387.761111537524,351.3169475029157,370.2639040666763,388.53220021505126,206.96307733618698,192.50974587251935,266.1808671772522,208.46163153483567,388.5051389273032,657.4974513748396,611.6408182340303,556.174630741665,671.2076951844333,604.2095055009427,828.3358026953027,661.1771537852626,966.1868494282049,47.72366870990584,10.211406423085652,152.38854621802008,166.80307834639513,11.274184129853424,22.662956668827434,294.7463053929834,118.05633691636181,88.40433444402406,282.88274838763164,314.86115049658093,179.64528338942264,1019.5356141087119,857.3995958449425,921.1567679177884,911.8375524988213,989.4670728025238,969.4638765174012,1163.5594768808812,225.77634088244358,854.4508992956542,405.45384004443986,0.0,682.7762320838762,572.6834192281518,659.5031425515178,435.76309617055836,425.1370618834003,469.5306700749766,464.3209828732509,587.8538494959118,603.1356226854134,554.520552800223,526.1217702309951
41,565.6564296647723,333.7018780094827,319.06296805060333,343.9039465535194,345.2552430888491,296.2813373460272,218.71220462159314,410.58940472720394,194.48866112400196,356.6642920753311,441.50422282491246,705.9784929040852,655.7480893711601,664.0195954875575,737.9058615093238,735.8798482183561,750.2775110627775,766.793912689407,498.57048646634433,461.62489150689305,627.4326598506185,713.8651590651988,360.8287575136365,232.1372152265048,572.416336330583,518.4626490017537,261.73636897128887,304.4194203640089,391.2862592530934,214.46939225331516,978.4129392793242,780.9954117218869,886.2505321805193,851.6368336340646,993.4602973973599,971.2638847288473,1054.8558286438054,202.3117960403846,687.2993470808278,563.524042311151,682.7762320838762,0.0,57.79607118260641,0.0,19.341171916495636,68.61758218930805,32.12001496784916,40.02306781628073,46.25692903940262,18.46574701223449,6.512995797724642,0.0
