,0,1,2,3,4,5,6,7,8,9,10,11,12,13,14,15,16,17,18,19,20,21,22,23,24,25,26,27,28,29,30,31,32,33,34,35,36,37,38,39,40,41,42,43,44,45,46,47,48,49,50,51
0,0.0,2182.818696031477,2346.517065704246,1656.9641110599407,1559.5074545235848,1234.4832832799598,1945.5966420719144,1461.3090697522853,1690.9398223702897,1773.7820619404968,1862.7312924231621,1485.020484517888,1161.711522441588,1226.6081711462743,1141.4479532060543,1273.0443401979855,968.9129648680657,1212.948971234057,580.6040271188484,657.2186703164675,623.248210287572,346.8600919425694,1048.3975763336578,995.3951029501893,371.54758592433257,555.1222446017454,1162.3863102420476,1318.6418161003373,1578.7766725150586,1465.677539050702,1299.4063779634998,1269.0146983981226,1247.9021927789533,1324.9378623838725,1086.7642716897415,1061.6327559770268,1209.5454980605568,2894.812231494723,1183.5161945236669,1746.6553596680699,216.83307242605395,2413.9549436642505,1914.7832515977254,1688.7642851736014,1328.7530378974993,1167.4451927816256,1458.390058362186,1369.3481199326739,1994.445109892853,1558.504667232996,1384.8899592401576,1154.2049976226203
1,2182.818696031477,0.0,469.7473721784619,131.5482064719415,132.6035750050762,1629.2755480472556,1895.5288255188736,2047.6668428478602,2008.6063917422805,123.50812599838741,74.4475286202395,1284.229432067581,1212.9852281452172,1052.4463742842433,1111.9731944025277,1151.086836705407,1123.5036704737809,1044.799983936036,1487.7838814068016,1591.7548312157603,1351.7574801241688,1308.5407185405004,1639.1599156770292,1936.8464802929884,1554.4989121082795,1678.7088838181653,1574.850701398061,1534.026849566118,1967.7961972026353,1633.5359760285762,1029.3152780028781,1083.6722967237372,1087.6800957119553,1049.9354627349153,940.1106392290517,979.4952649699321,956.7856789554307,3016.6333536244015,1024.3995257260615,1688.1836345464624,1263.753389665352,1791.2266346636695,1688.706530600162,972.896328578342,1805.3748985876816,1647.1804595764327,1968.095287262131,1827.783752244882,2149.5442949899702,1872.9219920779963,1776.7445844325082,1610.8345077360134
2,2346.517065704246,469.7473721784619,0.0,93.23702018962136,10.77404056252253,1341.6820181485498,1639.3706328364262,1810.6355240226605,1783.1973648070775,142.39852523855478,36.130866565387066,953.2532653587756,1020.6230673190711,903.8899025569452,862.6364069348015,950.1621001825916,944.2498122545448,919.4025237262638,1306.5408212084442,1386.3282942625467,1180.3852938116422,1113.0600852009923,1446.5726102056237,1706.8636898775285,1401.4363766528568,1521.5100168320084,1355.6899519905367,1373.6661301276806,1767.9351237749217,1401.1531656317145,823.077874593706,858.6911630721962,890.1399514787341,867.5650846665189,790.0388029544364,823.6329207351353,819.7304296117187,2850.4080384368594,861.2528038790563,1443.667558672403,1105.9783939056115,1413.8718548248316,1415.6663223254914,725.4655593575668,1385.723096233023,1312.4007624966011,1565.3356972817157,1459.107340930437,1729.7552002665414,1574.445960928502,1489.3636647017981,1358.1658175929485
3,1656.9641110599407,131.5482064719415,93.23702018962136,0.0,137.5387182479868,1604.2014013541527,2104.6655474393074,2112.0923257302393,2021.8144277607546,120.41873654979061,165.09273138067832,1432.8651595754768,1274.936292289069,1096.0569644205423,1161.963300063569,1278.9085201132605,1143.9130371266483,1226.6985817677605,1443.5366597605305,1538.5887585910946,1324.1689432647813,1249.024932680974,1590.335004960704,1906.5269112244246,1490.7933080685548,1631.0274184378093,1566.679083589453,1642.5062902090813,2150.44019136531,1692.1472993360894,1169.5413910114792,1175.1885369988445,1225.8282171524274,1240.0537384588342,1044.376119244599,1030.1633655339933,1110.5132205721923,3021.739867154237,1156.8388097928723,1817.5550578475381,1183.3570027754504,1869.7175956636027,1748.1894445031837,1058.1175036390996,1794.0385083777414,1649.3831210539022,1930.1176191028287,1806.9257074539075,2232.6378034359263,2003.9427895591343,1785.2308487714595,1595.5523034521561
4,1559.5074545235848,132.6035750050762,10.77404056252253,137.5387182479868,0.0,1677.913467508132,1937.1995213733894,2181.395850179734,2205.740244828964,316.309529721686,155.85166031701817,1571.012865783027,1490.0303137568578,1373.0439581423202,1353.2946546869866,1348.3948489501377,1386.117522858556,1417.8495785272119,1656.4140009231087,1577.0072363100978,1535.1179270711955,1474.0217030832587,1661.2044231909706,2115.591521201362,1714.2599505370783,1860.5406115038425,1667.306808137329,1576.7293263914162,2220.619285015357,1875.9598104334507,1345.242681733301,1377.3069727011289,1398.884704666872,1396.6994154289428,1255.2412003218399,1265.3206019446193,1346.684565216162,3322.3474317307014,1250.5388672055242,2043.80054736478,1261.0791502481507,1747.34491357609,1663.4159540048443,988.2350714513844,1752.1840705313693,1711.1690775183697,1920.4903389828396,1816.9258641543884,2308.9327104928516,2131.81837334038,1797.771000395165,1606.064322916548
5,1234.4832832799598,1629.2755480472556,1341.6820181485498,1604.2014013541527,1677.913467508132,0.0,749.5242001980495,782.6236502660882,851.9109699661178,1149.611996823371,1100.8408053266592,134.41724541321724,165.18131262873538,70.60605260321552,24.85127446633185,58.50637956428204,78.24084417203645,65.8427400197965,119.64159336740106,547.802885436724,186.96218171558723,322.74376873421096,527.3449395174406,557.0310834675739,350.7144919725792,423.544928028559,105.68435516409208,291.3061613861263,753.0771648659521,537.148558815456,22.079130211894125,30.660599353536536,52.6849526285101,58.800968866792324,25.09205580222241,43.45568639598069,47.99925576662595,1659.2629707776914,17.819346579802918,768.75579232829,378.3208565090638,1334.1098971466827,947.3697393961443,955.4170018556915,304.77212165135023,226.84711151000315,527.3632082530874,514.9010041209161,808.8134289146677,488.587054153165,698.1263873005788,441.4768110152698
6,1945.5966420719144,1895.5288255188736,1639.3706328364262,2104.6655474393074,1937.1995213733894,749.5242001980495,0.0,544.0469377234447,525.9252786099245,784.9439717969026,736.4797978271382,344.05283849028575,220.10096326182452,110.97699993411644,115.44783151646239,42.68047292289575,153.041983794913,116.462037901563,190.89649257437884,395.8393555180239,186.85056066794755,267.60666741652705,558.7375973382021,621.5713124493898,307.2721573855549,347.90695325058937,184.50039279131818,19.448145862066152,307.85752615493647,344.2600867414553,74.89305925342764,71.37606623476432,124.22713719699631,130.54861050287505,84.71990863837216,130.23328797366932,114.9163541863269,1173.00012147245,110.0000165846393,541.4269120169381,295.2616185436836,784.3665467245537,596.5667403753853,496.37406195816317,203.06714908953688,181.98503729361363,427.58388766626376,270.71595538431137,730.2889627284658,387.1027231071662,490.60970147751533,380.40651242653377
7,1461.3090697522853,2047.6668428478602,1810.6355240226605,2112.0923257302393,2181.395850179734,782.6236502660882,544.0469377234447,0.0,1177.9203624060947,1417.7238679146283,1326.1193597162585,656.0822080760944,440.84496015371593,426.9582137162913,409.2850244067763,467.2237826132722,340.63849962000546,423.8984289889815,407.096318367533,626.6378277014486,297.82635066692205,517.6293388280321,900.9818833475796,604.061595145368,681.2069440110502,447.28649061231613,534.9488339022909,557.4998018765369,330.8997128495212,765.0059675136807,418.6882583048805,415.6601742220487,414.64067217603423,434.22936984536807,347.38678705897667,336.0657934025888,396.8890545635886,1603.3810264140754,357.4549027185378,516.1623784162102,397.6866118332537,1517.946323636981,1116.0369881583665,1102.4254074603975,668.6888134914938,544.1442032474072,791.1406136990875,667.4019890328351,1100.476437503397,712.4458482370486,919.3548462855334,720.3190592545409
8,1690.9398223702897,2008.6063917422805,1783.1973648070775,2021.8144277607546,2205.740244828964,851.9109699661178,525.9252786099245,1177.9203624060947,0.0,879.1576416432828,832.9141284817283,606.387699734858,403.33243297877374,232.26871936873317,383.88872025886104,348.2057091682844,346.7964879350984,226.1992401208564,331.4227504699138,452.3625453038943,342.99353168805425,449.769814632481,580.5938887610313,631.9253747997433,397.18395066190544,359.2582473838057,389.3405438129055,392.2677427376476,765.697857464525,40.655068649841326,331.4434386477201,321.58396146934376,371.643572854435,343.86148216781726,276.53360818692596,323.59990923191447,290.8813369624458,1701.6488753444546,243.18496417281904,766.4799325984814,395.4550599042834,953.9685003233197,686.5593270574469,505.3092145573551,324.50786266156075,295.2370106935961,557.8008107389377,557.1436888097952,651.1828218149361,509.765985234413,329.5774208558994,352.73805372421236
9,1773.7820619404968,123.50812599838741,142.39852523855478,120.41873654979061,316.309529721686,1149.611996823371,784.9439717969026,1417.7238679146283,879.1576416432828,0.0,199.17655994935558,1380.9535763443369,1259.0773807276316,1084.2670444936396,1165.1127185015891,1251.5041253780557,1178.056935066309,1168.5180393590897,1559.408666692191,1602.9623626681628,1412.437448244014,1365.8034056986667,1699.928305485825,2003.296060845922,1600.6322417383549,1720.424629424843,1634.7251516349302,1668.370070062836,2057.173673024589,1714.2849549058103,1101.2040653570373,1124.166456611142,1146.7118990578015,1151.0338085446183,986.1884679219022,985.7583246137756,1025.6349244471235,2948.590302929899,1127.0874912819077,1784.1573187995923,1315.9881265175252,1870.077380424432,1775.704085212724,1048.8338753568294,1877.5294012120783,1709.6671586281213,2023.1435146320591,1868.4100248699135,2273.296587990867,1994.1331047151295,1860.540654724397,1676.974330269629
10,1862.7312924231621,74.4475286202395,36.130866565387066,165.09273138067832,155.85166031701817,1100.8408053266592,736.4797978271382,1326.1193597162585,832.9141284817283,199.17655994935558,0.0,1501.310641811588,1467.0904116531817,1197.771120819946,1279.491493924222,1181.980223262457,1315.1028622513804,1196.2334649373677,1680.0409716997683,1844.276525167222,1574.391181336939,1532.480593818147,1760.0343280866712,2103.163520755126,1716.8042172551343,1863.0751839464244,1687.7578592349587,1616.9514136864125,2162.182777157447,1763.8398199608944,1191.73900476413,1205.5590661520323,1311.3154279987039,1283.4397078730908,1152.906543206747,1217.6363952364636,1209.9054607958694,3350.7301346025633,1017.1021807556046,1816.169500943781,1465.7224585730391,1895.7522805392866,1737.3576930236898,1103.8813122763518,1823.2627896611787,1782.6652754771494,2039.0305346725224,1906.6395685672737,2291.7821668932647,2051.2782180516087,1817.585234233325,1628.0429824054972
11,1485.020484517888,1284.229432067581,953.2532653587756,1432.8651595754768,1571.012865783027,134.41724541321724,344.05283849028575,656.0822080760944,606.387699734858,1380.9535763443369,1501.310641811588,0.0,246.0135627602453,234.63602732284969,10.440713227467104,231.25733900412365,162.0486079268992,222.49550786140358,847.9619172058691,1554.1566615582126,788.5091772824404,1087.6310456588003,1556.4659687043072,1448.9517161165465,1292.8167603402865,1230.2663457596136,994.5698184444122,1168.749747345493,1634.7109906402472,1417.22143940444,49.72547455375477,69.57654690965073,75.49391672428187,49.655985249312266,21.69887050367784,42.91723556540481,27.92660990684007,2905.14591783027,274.0124553325332,1208.4135513712483,1075.6867681087867,2563.9982799707236,1970.5607659749862,1931.7358444544655,1419.218670341507,1202.5538086901909,1741.0983225686648,1566.9940344246952,2132.969825785841,1604.348354811513,1825.8593224603553,1550.190407998405
12,1161.711522441588,1212.9852281452172,1020.6230673190711,1274.936292289069,1490.0303137568578,165.18131262873538,220.10096326182452,440.84496015371593,403.33243297877374,1259.0773807276316,1467.0904116531817,246.0135627602453,0.0,140.93420298050205,150.86278849708845,255.8326388043435,35.58054741031995,167.2014509850886,667.7930780875746,1436.4640103265135,621.1802826530109,932.627394593108,1485.3846777252666,1310.7107510377102,1075.4486481779948,982.7808565386878,865.4057653292496,1002.7530355986735,1481.5099814308153,1304.012822173178,89.70781055031394,101.81838488227233,76.62551123459748,78.13067333830618,40.48039630782661,11.41991957489038,43.65113873838432,2719.6601719397536,198.09282506614142,1077.878776869657,943.6612829208015,2425.618087377034,1779.5424881683468,1795.1016631480302,1265.6662988117805,1062.98842174585,1514.9348690809181,1363.33292236125,1954.17598285014,1415.3039257703272,1610.1208978072646,1377.714979984266
13,1226.6081711462743,1052.4463742842433,903.8899025569452,1096.0569644205423,1373.0439581423202,70.60605260321552,110.97699993411644,426.9582137162913,232.26871936873317,1084.2670444936396,1197.771120819946,234.63602732284969,140.93420298050205,0.0,174.04344614482847,213.23926408446889,92.2329287380106,58.233453689582774,813.4800779032832,1602.907535423957,726.7099767460761,1151.2188439259676,1509.6875311074275,1464.9048802053198,1280.910105133684,1159.1028783043223,949.6798554093552,1077.9833915873687,1526.3863818180098,1254.0497232091548,67.88713555756739,76.98604455109118,101.77372875409205,59.472733872938434,30.424735646336767,34.76794621015918,51.78787630576483,2735.549373968405,129.54929516197723,1087.643348575547,1151.0460987409504,2488.735796797705,1839.0995325454212,1815.9383835203992,1362.5474894745528,1150.1452125855226,1614.2420772281857,1494.6341618940512,1987.689114162376,1503.2785809552063,1660.08528520768,1399.5616970674146
14,1141.4479532060543,1111.9731944025277,862.6364069348015,1161.963300063569,1353.2946546869866,24.85127446633185,115.44783151646239,409.2850244067763,383.88872025886104,1165.1127185015891,1279.491493924222,10.440713227467104,150.86278849708845,174.04344614482847,0.0,230.5898102885495,186.9221359724707,261.47966917812846,959.0120010892168,1637.4069769517903,851.3254729109316,1193.3727092399222,1736.9731140042943,1584.1978395461808,1407.8365260086027,1299.9908200497086,1051.3373771134636,1266.7418942174018,1723.959508758636,1488.4044928495848,67.31120837885742,67.51494375202827,134.526504807397,75.22709918459377,37.192720840754944,42.61863225363605,68.26219231936916,3010.3222465944186,323.7879434645497,1280.7946453116301,1150.8893211060863,2698.2074048406803,2047.5923074797397,2068.943476982339,1509.1227083989716,1298.750156516355,1870.0351324979806,1698.4189281099157,2248.7186650400363,1724.3599055839431,1959.296476712122,1653.6655289732655
15,1273.0443401979855,1151.086836705407,950.1621001825916,1278.9085201132605,1348.3948489501377,58.50637956428204,42.68047292289575,467.2237826132722,348.2057091682844,1251.5041253780557,1181.980223262457,231.25733900412365,255.8326388043435,213.23926408446889,230.5898102885495,0.0,308.26922595379756,230.5321629077371,1169.686544841264,1862.8364115924007,1094.3196934507648,1462.934534679303,1935.9416316813563,1790.2123722689673,1616.1422950907945,1524.341699809769,1181.679564231635,1256.8845591914633,1718.2802368199764,1694.9798388414356,62.53610841354451,57.35542928799955,160.54368978512358,165.9774230773197,69.19891944417063,169.83173627990308,96.45194756390298,3157.0129867901796,200.27864365200162,1287.4459707044073,1378.5007196167765,2702.5778719758564,2128.7133824456214,2053.23196246354,1533.8966407799057,1367.0301047534106,1936.1481770160322,1764.2303570322022,2389.24196350769,1795.2659883569956,2033.315208175294,1719.9191392513574
16,968.9129648680657,1123.5036704737809,944.2498122545448,1143.9130371266483,1386.117522858556,78.24084417203645,153.041983794913,340.63849962000546,346.7964879350984,1178.056935066309,1315.1028622513804,162.0486079268992,35.58054741031995,92.2329287380106,186.9221359724707,308.26922595379756,0.0,95.29652691132769,797.7666790365298,1643.7943827202987,723.8628414995555,1042.6439754947587,1651.2455299861354,1475.9831207529933,1161.8258107556362,1092.7118893256995,1031.0663609810174,1133.2942288129468,1519.7911964142913,1461.7663253612468,35.092297735837185,98.3491951803033,42.35806263610047,42.40457821081627,7.582865643104418,11.87288107275366,4.882985092542756,2823.8170773356533,255.4069038743707,1061.7313648212714,1106.4527300240088,2627.2321561679587,1960.128007685447,1958.9968600568561,1432.9061376922625,1212.4741435789447,1679.5577830527907,1507.0548345877987,2127.6389986222844,1572.174223451887,1745.8771981787104,1493.0619501098445
17,1212.948971234057,1044.799983936036,919.4025237262638,1226.6985817677605,1417.8495785272119,65.8427400197965,116.462037901563,423.8984289889815,226.1992401208564,1168.5180393590897,1196.2334649373677,222.49550786140358,167.2014509850886,58.233453689582774,261.47966917812846,230.5321629077371,95.29652691132769,0.0,1078.8364045762496,1994.4666694820924,991.5366104264745,1518.205228494676,1852.0331480638956,1737.7783560301111,1595.5803011531727,1443.5630850094492,1249.8287779100115,1237.618670473841,1716.778600552194,1572.4711684892868,195.9049131129322,247.45315530655037,182.08282541215527,161.7191903061664,124.18885256844302,209.40834190265656,128.21528943997268,3008.4179686313632,114.94379615508493,1157.7632642360436,1546.1766964545523,2700.2227877284918,2037.9604715430546,2036.5666500987995,1497.9120955399185,1321.7455233173914,1826.2767036420366,1650.4297683698721,2332.3971083851943,1806.0781794064644,1927.9457698440335,1673.0157057642539
18,580.6040271188484,1487.7838814068016,1306.5408212084442,1443.5366597605305,1656.4140009231087,119.64159336740106,190.89649257437884,407.096318367533,331.4227504699138,1559.408666692191,1680.0409716997683,847.9619172058691,667.7930780875746,813.4800779032832,959.0120010892168,1169.686544841264,797.7666790365298,1078.8364045762496,0.0,786.0940860922956,90.52349598862008,156.96997483451682,1006.9997029941185,1064.447297232639,359.76255575667085,276.44818773800927,731.7455846787772,1019.1677485590343,1267.2659695435436,1266.0266454475473,813.946167594971,760.1772567746702,739.457932248764,752.6505862535497,644.5952767922996,600.2008720977987,749.8751302957785,2226.9435966171395,804.0463161226673,1156.4305306736985,343.0496115257411,2080.2350832510883,1639.2651878030538,1473.4449581488132,1047.3028530012407,787.5290579595803,1047.9244262857617,878.1666840337606,1582.1160882831268,1158.160907462505,1111.445867981713,932.4518161327758
19,657.2186703164675,1591.7548312157603,1386.3282942625467,1538.5887585910946,1577.0072363100978,547.802885436724,395.8393555180239,626.6378277014486,452.3625453038943,1602.9623626681628,1844.276525167222,1554.1566615582126,1436.4640103265135,1602.907535423957,1637.4069769517903,1862.8364115924007,1643.7943827202987,1994.4666694820924,786.0940860922956,0.0,412.94085551699527,15.035916528158594,533.8781090158061,1002.661889249945,191.6776807650245,575.0511843642066,780.4105427947162,1014.2671620482533,1376.2118634380067,1038.4861210286876,822.0986276164379,770.4182524401883,852.6951163874502,875.485107790195,750.6824128535304,757.0328783778168,815.8060793974306,2525.207449724551,748.1744502970565,1465.044879873953,22.07372439992658,1932.0533779076827,1480.5326165790239,1326.2763070778637,939.1140926721381,882.9410318924997,1193.5112553465008,1019.846318058712,1570.5861605475175,1215.0492199727782,1021.6339659272311,810.5827545314286
20,623.248210287572,1351.7574801241688,1180.3852938116422,1324.1689432647813,1535.1179270711955,186.96218171558723,186.85056066794755,297.82635066692205,342.99353168805425,1412.437448244014,1574.391181336939,788.5091772824404,621.1802826530109,726.7099767460761,851.3254729109316,1094.3196934507648,723.8628414995555,991.5366104264745,90.52349598862008,412.94085551699527,0.0,290.8360787114737,1185.6897416084,1112.1748535223005,510.2394487599101,476.57365925824683,779.8045988835398,1278.604357361655,1304.4113563658368,1355.38327130333,778.2457088847716,774.5584834378435,770.1524328407227,744.8610271622186,623.468684459078,598.2523514323298,701.6928907307264,2464.96174597468,807.5975945533418,1149.3925006756451,373.75627622614576,2168.237197752069,1854.3913980382567,1719.991431905316,1310.7364410463576,1044.7343245944428,1283.0673737595775,1091.1956477198146,1793.3110672606156,1318.997504756503,1315.023770717469,1120.8350872183141
21,346.8600919425694,1308.5407185405004,1113.0600852009923,1249.024932680974,1474.0217030832587,322.74376873421096,267.60666741652705,517.6293388280321,449.769814632481,1365.8034056986667,1532.480593818147,1087.6310456588003,932.627394593108,1151.2188439259676,1193.3727092399222,1462.934534679303,1042.6439754947587,1518.205228494676,156.96997483451682,15.035916528158594,290.8360787114737,0.0,1017.2566874069985,1483.1181682757435,322.7188115982548,966.4195998813465,1475.5107107187923,1542.1500168909445,2009.4389439602194,1892.4314846315942,1616.4890960627051,1640.182166337677,1637.774446800122,1658.2549428210627,1460.565365383783,1461.3828331584232,1594.3949168308664,3350.542009219925,1587.7593851559993,1951.114859322277,489.7889675278824,2625.666199023839,2185.6806478721023,1844.4711684472695,1593.6977026440447,1496.7281477017877,1716.368362493495,1482.2118333586216,2182.3611844657344,1707.879911345342,1529.5937334754503,1252.3620371664426
22,1048.3975763336578,1639.1599156770292,1446.5726102056237,1590.335004960704,1661.2044231909706,527.3449395174406,558.7375973382021,900.9818833475796,580.5938887610313,1699.928305485825,1760.0343280866712,1556.4659687043072,1485.3846777252666,1509.6875311074275,1736.9731140042943,1935.9416316813563,1651.2455299861354,1852.0331480638956,1006.9997029941185,533.8781090158061,1185.6897416084,1017.2566874069985,0.0,429.4967568121353,1.6151778524803717,282.3917047236445,541.0091275658289,800.870484413681,1064.0687485728915,610.7818936474002,655.1496547816358,559.5672806600645,592.0428577681624,624.3551347819077,565.2824919763926,484.2322050524972,599.0961938081796,1684.2539402042164,525.7202206530939,1028.4531173845485,28.814258617486914,1712.1725385024768,1205.8807485359546,1118.5425085637496,770.3631079044296,651.4369401942122,816.566704079761,797.0813740239797,1097.0619201775212,859.7461112916419,649.9131466324592,496.75617628587867
23,995.3951029501893,1936.8464802929884,1706.8636898775285,1906.5269112244246,2115.591521201362,557.0310834675739,621.5713124493898,604.061595145368,631.9253747997433,2003.296060845922,2103.163520755126,1448.9517161165465,1310.7107510377102,1464.9048802053198,1584.1978395461808,1790.2123722689673,1475.9831207529933,1737.7783560301111,1064.447297232639,1002.661889249945,1112.1748535223005,1483.1181682757435,429.4967568121353,0.0,82.59334207679406,31.162717784364787,234.31394180423914,374.83787880735923,451.83687080130875,513.4133968877718,146.57551650511792,124.31478127662912,178.98280293529444,193.227634028852,103.06683958154426,67.3403800380344,140.48934370561383,1250.4314460243554,137.83962752400754,445.74257198291355,52.002250995174144,1304.4375194490003,924.7462395242642,864.0122260481346,392.0871773979192,252.7829033813059,410.370298346445,287.8176096618259,716.3782397299732,387.4277451456517,451.68479702918876,306.2766519440538
24,371.54758592433257,1554.4989121082795,1401.4363766528568,1490.7933080685548,1714.2599505370783,350.7144919725792,307.2721573855549,681.2069440110502,397.18395066190544,1600.6322417383549,1716.8042172551343,1292.8167603402865,1075.4486481779948,1280.910105133684,1407.8365260086027,1616.1422950907945,1161.8258107556362,1595.5803011531727,359.76255575667085,191.6776807650245,510.2394487599101,322.7188115982548,1.6151778524803717,82.59334207679406,0.0,782.137732081974,1321.9415536547867,1353.8819797816598,1921.9111375452276,1706.3296066258026,1459.5147796100023,1433.5024977333533,1435.0437807085864,1479.3696380398908,1308.5367413620377,1290.3438595023424,1459.5812996850023,3094.572143938718,1274.1042314726153,1797.6614060858035,694.5690655696275,2354.5384294540086,1899.7429103310906,1762.6695315810557,1291.335761426524,1391.0223766360377,1359.6229330924218,1260.3726091660321,1950.0951864413496,1606.48352261279,1299.593691318938,1157.3816420082076
25,555.1222446017454,1678.7088838181653,1521.5100168320084,1631.0274184378093,1860.5406115038425,423.544928028559,347.90695325058937,447.28649061231613,359.2582473838057,1720.424629424843,1863.0751839464244,1230.2663457596136,982.7808565386878,1159.1028783043223,1299.9908200497086,1524.341699809769,1092.7118893256995,1443.5630850094492,276.44818773800927,575.0511843642066,476.57365925824683,966.4195998813465,282.3917047236445,31.162717784364787,782.137732081974,0.0,666.3456336348816,820.2988642748976,1226.47873861906,1151.4811070733308,781.5029651296634,769.8396648923584,807.9656983128946,765.213136573453,647.9721880171451,583.0327180115968,766.4476310565332,1885.6790798895038,827.5817938453728,1216.309842347983,368.2086199945585,2059.89322552187,1801.668924692059,1374.7382730291015,1074.0033101883496,959.1516284935675,1142.5321231737903,1014.6699787429266,1681.7361923146252,1251.6135903436234,1101.8985730217616,911.2326532320842
26,1162.3863102420476,1574.850701398061,1355.6899519905367,1566.679083589453,1667.306808137329,105.68435516409208,184.50039279131818,534.9488339022909,389.3405438129055,1634.7251516349302,1687.7578592349587,994.5698184444122,865.4057653292496,949.6798554093552,1051.3373771134636,1181.679564231635,1031.0663609810174,1249.8287779100115,731.7455846787772,780.4105427947162,779.8045988835398,1475.5107107187923,541.0091275658289,234.31394180423914,1321.9415536547867,666.3456336348816,0.0,327.08034845098183,554.9947783509077,649.6505165431594,25.997759891174315,18.786679553729197,35.77340631125891,27.703131558338743,5.302193630073087,17.900214455683212,10.38799624469851,1611.9790559708008,53.23358155968661,728.3889117033768,189.04653686797587,1404.0861977935963,871.8315989945255,1004.4871375747239,469.36151716856745,350.08672219255106,618.4914077110005,480.8588282736483,963.6835880411634,465.1562855539397,652.0633439062926,424.0761580155531
27,1318.6418161003373,1534.026849566118,1373.6661301276806,1642.5062902090813,1576.7293263914162,291.3061613861263,19.448145862066152,557.4998018765369,392.2677427376476,1668.370070062836,1616.9514136864125,1168.749747345493,1002.7530355986735,1077.9833915873687,1266.7418942174018,1256.8845591914633,1133.2942288129468,1237.618670473841,1019.1677485590343,1014.2671620482533,1278.604357361655,1542.1500168909445,800.870484413681,374.83787880735923,1353.8819797816598,820.2988642748976,327.08034845098183,0.0,797.6995117232502,933.5171775323623,269.95961057353213,282.2444929296813,304.3871088417911,272.161632965741,221.6139241381773,236.25845672755275,233.17546414692697,1525.724835746776,239.87013307136436,950.0254802874513,562.391798189254,1544.390700631907,1036.1495384863815,999.4682974712764,552.7278196257499,490.30608803221793,861.0251154476581,695.7471290916142,1202.3238675260056,751.8176180495786,924.6294415542314,709.6316144366368
28,1578.7766725150586,1967.7961972026353,1767.9351237749217,2150.44019136531,2220.619285015357,753.0771648659521,307.85752615493647,330.8997128495212,765.697857464525,2057.173673024589,2162.182777157447,1634.7109906402472,1481.5099814308153,1526.3863818180098,1723.959508758636,1718.2802368199764,1519.7911964142913,1716.778600552194,1267.2659695435436,1376.2118634380067,1304.4113563658368,2009.4389439602194,1064.0687485728915,451.83687080130875,1921.9111375452276,1226.47873861906,554.9947783509077,797.6995117232502,0.0,843.976565131218,45.50453392234831,40.3698657205191,54.969090970077744,82.19768825548977,9.989654380869373,30.61984738132246,48.776926296318074,1357.6809533530281,60.0201941340708,517.5550464959824,408.87366427610226,1451.7766680197064,1042.734428547241,1014.2863186944884,615.0991198333545,502.40143158138216,841.9677608151218,604.7040901769975,1021.1378624801816,550.6068400228813,689.9283183063739,558.945259391776
29,1465.677539050702,1633.5359760285762,1401.1531656317145,1692.1472993360894,1875.9598104334507,537.148558815456,344.2600867414553,765.0059675136807,40.655068649841326,1714.2849549058103,1763.8398199608944,1417.22143940444,1304.012822173178,1254.0497232091548,1488.4044928495848,1694.9798388414356,1461.7663253612468,1572.4711684892868,1266.0266454475473,1038.4861210286876,1355.38327130333,1892.4314846315942,610.7818936474002,513.4133968877718,1706.3296066258026,1151.4811070733308,649.6505165431594,933.5171775323623,843.976565131218,0.0,415.91110085048695,389.770116718079,440.14183463245206,411.9741972553968,343.00203179764804,366.1260044012204,365.83331514747886,2315.1744472850014,350.4181382682096,910.9240175128675,496.44147901361083,1404.9740103788029,912.1221844632249,748.477680267203,500.3758552827026,400.6313789015962,790.0981773924078,698.2509433636588,1000.7874196908061,827.0446673365219,772.0823037526873,599.938762740334
30,1299.4063779634998,1029.3152780028781,823.077874593706,1169.5413910114792,1345.242681733301,22.079130211894125,74.89305925342764,418.6882583048805,331.4434386477201,1101.2040653570373,1191.73900476413,49.72547455375477,89.70781055031394,67.88713555756739,67.31120837885742,62.53610841354451,35.092297735837185,195.9049131129322,813.946167594971,822.0986276164379,778.2457088847716,1616.4890960627051,655.1496547816358,146.57551650511792,1459.5147796100023,781.5029651296634,25.997759891174315,269.95961057353213,45.50453392234831,415.91110085048695,0.0,191.2358705327652,160.08650711901254,155.07417202793812,29.18258354105793,144.41074955246933,66.14391948454188,3411.771468242168,498.5437370681969,1377.0348379170418,1690.090018214745,3131.0412958505062,2456.230164482931,2416.995965801622,1925.0935436923974,1652.1079379982104,2260.0266915547586,2050.7083469481327,2723.3935732021823,2106.899366505998,2334.941722433676,2032.830164573544
31,1269.0146983981226,1083.6722967237372,858.6911630721962,1175.1885369988445,1377.3069727011289,30.660599353536536,71.37606623476432,415.6601742220487,321.58396146934376,1124.166456611142,1205.5590661520323,69.57654690965073,101.81838488227233,76.98604455109118,67.51494375202827,57.35542928799955,98.3491951803033,247.45315530655037,760.1772567746702,770.4182524401883,774.5584834378435,1640.182166337677,559.5672806600645,124.31478127662912,1433.5024977333533,769.8396648923584,18.786679553729197,282.2444929296813,40.3698657205191,389.770116718079,191.2358705327652,0.0,223.9015437538339,173.52030974927646,90.8969847022848,126.16576844987497,79.31079141418118,3308.811191454812,329.0023505581258,1354.4706809559068,1511.7213091387878,2911.935241250849,2270.9834000301507,2223.922285315501,1701.0942904453925,1494.5310724139817,2078.7582494015455,1905.2252556564067,2522.599066936341,1955.434277698497,2173.268757136498,1868.936017091596
32,1247.9021927789533,1087.6800957119553,890.1399514787341,1225.8282171524274,1398.884704666872,52.6849526285101,124.22713719699631,414.64067217603423,371.643572854435,1146.7118990578015,1311.3154279987039,75.49391672428187,76.62551123459748,101.77372875409205,134.526504807397,160.54368978512358,42.35806263610047,182.08282541215527,739.457932248764,852.6951163874502,770.1524328407227,1637.774446800122,592.0428577681624,178.98280293529444,1435.0437807085864,807.9656983128946,35.77340631125891,304.3871088417911,54.969090970077744,440.14183463245206,160.08650711901254,223.9015437538339,0.0,48.11193680250901,17.471985341197087,37.05566901961579,5.772237316202487,3206.737088068146,363.0511716025527,1244.3025355163172,1482.9254996930742,2861.6421849020808,2214.0789201731277,2210.667437013137,1699.1197830759058,1443.0318340671638,2015.1399582873503,1841.5375261233935,2456.037249406933,1885.5854424143429,2087.80229123494,1809.139648544109
33,1324.9378623838725,1049.9354627349153,867.5650846665189,1240.0537384588342,1396.6994154289428,58.800968866792324,130.54861050287505,434.22936984536807,343.86148216781726,1151.0338085446183,1283.4397078730908,49.655985249312266,78.13067333830618,59.472733872938434,75.22709918459377,165.9774230773197,42.40457821081627,161.7191903061664,752.6505862535497,875.485107790195,744.8610271622186,1658.2549428210627,624.3551347819077,193.227634028852,1479.3696380398908,765.213136573453,27.703131558338743,272.161632965741,82.19768825548977,411.9741972553968,155.07417202793812,173.52030974927646,48.11193680250901,0.0,48.01575216027357,52.64724963200745,2.568619900433899,3254.4427868043686,345.03278214529115,1270.3197694145283,1527.6519844716097,2915.568828915114,2242.7462711638314,2230.634037982482,1714.5853232159016,1465.4479612901798,2051.9463633997307,1877.683789167719,2473.043726503723,1905.756539931666,2099.7928029090726,1817.699160673836
34,1086.7642716897415,940.1106392290517,790.0388029544364,1044.376119244599,1255.2412003218399,25.09205580222241,84.71990863837216,347.38678705897667,276.53360818692596,986.1884679219022,1152.906543206747,21.69887050367784,40.48039630782661,30.424735646336767,37.192720840754944,69.19891944417063,7.582865643104418,124.18885256844302,644.5952767922996,750.6824128535304,623.468684459078,1460.565365383783,565.2824919763926,103.06683958154426,1308.5367413620377,647.9721880171451,5.302193630073087,221.6139241381773,9.989654380869373,343.00203179764804,29.18258354105793,90.8969847022848,17.471985341197087,48.01575216027357,0.0,132.7368086729278,87.44959863999905,3441.052144542523,569.6336215507624,1431.2911163023923,1668.6863073245136,3172.9758511569917,2482.2989948452437,2488.9182832551073,1931.4091054454152,1656.1519048237046,2294.726178619107,2072.1397173366054,2759.6597343659814,2123.456256193998,2347.441895065449,2032.5019842565484
35,1061.6327559770268,979.4952649699321,823.6329207351353,1030.1633655339933,1265.3206019446193,43.45568639598069,130.23328797366932,336.0657934025888,323.59990923191447,985.7583246137756,1217.6363952364636,42.91723556540481,11.41991957489038,34.76794621015918,42.61863225363605,169.83173627990308,11.87288107275366,209.40834190265656,600.2008720977987,757.0328783778168,598.2523514323298,1461.3828331584232,484.2322050524972,67.3403800380344,1290.3438595023424,583.0327180115968,17.900214455683212,236.25845672755275,30.61984738132246,366.1260044012204,144.41074955246933,126.16576844987497,37.05566901961579,52.64724963200745,132.7368086729278,0.0,79.26411620585128,3300.1298387263078,541.7400693414673,1360.1477305836981,1597.7655898461715,3050.745558445426,2391.2007891967723,2341.83890706086,1820.3790782505466,1561.1643754402078,2140.7678062422146,1930.775054274111,2615.892517326654,2010.238977679484,2218.5932345390215,1942.469609745978
36,1209.5454980605568,956.7856789554307,819.7304296117187,1110.5132205721923,1346.684565216162,47.99925576662595,114.9163541863269,396.8890545635886,290.8813369624458,1025.6349244471235,1209.9054607958694,27.92660990684007,43.65113873838432,51.78787630576483,68.26219231936916,96.45194756390298,4.882985092542756,128.21528943997268,749.8751302957785,815.8060793974306,701.6928907307264,1594.3949168308664,599.0961938081796,140.48934370561383,1459.5812996850023,766.4476310565332,10.38799624469851,233.17546414692697,48.776926296318074,365.83331514747886,66.14391948454188,79.31079141418118,5.772237316202487,2.568619900433899,87.44959863999905,79.26411620585128,0.0,3495.1032000513164,603.5184987199511,1496.1846109228925,1843.992960573446,3217.919520133969,2530.74872419561,2517.9946003881387,2007.770368040168,1693.8357206595388,2321.757479773399,2130.370892741513,2844.137904766192,2220.995898512416,2405.3350091852603,2120.2620899410517
37,2894.812231494723,3016.6333536244015,2850.4080384368594,3021.739867154237,3322.3474317307014,1659.2629707776914,1173.00012147245,1603.3810264140754,1701.6488753444546,2948.590302929899,3350.7301346025633,2905.14591783027,2719.6601719397536,2735.549373968405,3010.3222465944186,3157.0129867901796,2823.8170773356533,3008.4179686313632,2226.9435966171395,2525.207449724551,2464.96174597468,3350.542009219925,1684.2539402042164,1250.4314460243554,3094.572143938718,1885.6790798895038,1611.9790559708008,1525.724835746776,1357.6809533530281,2315.1744472850014,3411.771468242168,3308.811191454812,3206.737088068146,3254.4427868043686,3441.052144542523,3300.1298387263078,3495.1032000513164,0.0,874.0724430086749,1401.921726026353,957.9431104951893,1598.7943469928214,1385.4972144836154,1318.7961045809207,996.3357204566499,976.0535155900366,1252.1970100947449,1092.985031233477,1303.1069627154197,965.4250694550107,1058.613359823787,927.550086784635
38,1183.5161945236669,1024.3995257260615,861.2528038790563,1156.8388097928723,1250.5388672055242,17.819346579802918,110.0000165846393,357.4549027185378,243.18496417281904,1127.0874912819077,1017.1021807556046,274.0124553325332,198.09282506614142,129.54929516197723,323.7879434645497,200.27864365200162,255.4069038743707,114.94379615508493,804.0463161226673,748.1744502970565,807.5975945533418,1587.7593851559993,525.7202206530939,137.83962752400754,1274.1042314726153,827.5817938453728,53.23358155968661,239.87013307136436,60.0201941340708,350.4181382682096,498.5437370681969,329.0023505581258,363.0511716025527,345.03278214529115,569.6336215507624,541.7400693414673,603.5184987199511,874.0724430086749,0.0,1400.320073082355,1464.9161023115767,2612.50570927471,2052.0112181973536,1956.1028139986931,1515.7120954329264,1444.2410996544854,1846.6138380254222,1696.093612909226,2293.614819907659,1723.667792691445,1921.9649464060583,1566.6524274030473
39,1746.6553596680699,1688.1836345464624,1443.667558672403,1817.5550578475381,2043.80054736478,768.75579232829,541.4269120169381,516.1623784162102,766.4799325984814,1784.1573187995923,1816.169500943781,1208.4135513712483,1077.878776869657,1087.643348575547,1280.7946453116301,1287.4459707044073,1061.7313648212714,1157.7632642360436,1156.4305306736985,1465.044879873953,1149.3925006756451,1951.114859322277,1028.4531173845485,445.74257198291355,1797.6614060858035,1216.309842347983,728.3889117033768,950.0254802874513,517.5550464959824,910.9240175128675,1377.0348379170418,1354.4706809559068,1244.3025355163172,1270.3197694145283,1431.2911163023923,1360.1477305836981,1496.1846109228925,1401.921726026353,1400.320073082355,0.0,755.1738279039185,1815.9429688216242,1305.614030936934,1366.7117650301304,1048.9386349402444,868.644355594351,1086.876283823724,901.7118633533404,1163.3674614105585,775.3979941477235,989.3166581376125,735.4602119192602
40,216.83307242605395,1263.753389665352,1105.9783939056115,1183.3570027754504,1261.0791502481507,378.3208565090638,295.2616185436836,397.6866118332537,395.4550599042834,1315.9881265175252,1465.7224585730391,1075.6867681087867,943.6612829208015,1151.0460987409504,1150.8893211060863,1378.5007196167765,1106.4527300240088,1546.1766964545523,343.0496115257411,22.07372439992658,373.75627622614576,489.7889675278824,28.814258617486914,52.002250995174144,694.5690655696275,368.2086199945585,189.04653686797587,562.391798189254,408.87366427610226,496.44147901361083,1690.090018214745,1511.7213091387878,1482.9254996930742,1527.6519844716097,1668.6863073245136,1597.7655898461715,1843.992960573446,957.9431104951893,1464.9161023115767,755.1738279039185,0.0,2540.2811390988154,1857.106659893805,1840.4205295415763,1258.2737694748114,1158.950659419421,1572.8428346200717,1377.679387781854,2097.99218987677,1648.727077159456,1564.0334821845483,1252.287890109831
41,2413.9549436642505,1791.2266346636695,1413.8718548248316,1869.7175956636027,1747.34491357609,1334.1098971466827,784.3665467245537,1517.946323636981,953.9685003233197,1870.077380424432,1895.7522805392866,2563.9982799707236,2425.618087377034,2488.735796797705,2698.2074048406803,2702.5778719758564,2627.2321561679587,2700.2227877284918,2080.2350832510883,1932.0533779076827,2168.237197752069,2625.666199023839,1712.1725385024768,1304.4375194490003,2354.5384294540086,2059.89322552187,1404.0861977935963,1544.390700631907,1451.7766680197064,1404.9740103788029,3131.0412958505062,2911.935241250849,2861.6421849020808,2915.568828915114,3172.9758511569917,3050.745558445426,3217.919520133969,1598.7943469928214,2612.50570927471,1815.9429688216242,2540.2811390988154,0.0,63.1304164401559,3.4894716149716203,50.31238067192362,100.16642731169468,96.52635268125832,59.39352399279471,287.3271502813059,168.2745702995334,146.9366620819225,108.81488492049702
