,0,1,2,3,4,5,6,7,8,9,10,11,12,13,14,15,16,17,18,19,20,21,22,23,24,25,26,27,28,29,30,31,32,33,34,35,36,37,38,39,40,41,42,43,44,45,46,47,48,49,50,51
0,0.0,1756.3220166101644,1886.154061448065,1578.974191161789,1605.0307751310688,1070.304431481536,1407.6197825416984,1151.2921281054028,1339.253280642024,1656.1116990611044,1783.643157328099,1220.2090291869235,1158.7436290696426,1394.39188332176,1210.2101165964925,1366.9181477183545,1064.0151755965696,1371.2109725876876,771.4801565113412,807.4020335247867,734.5444896063117,721.5478535271292,872.7274767623155,879.5666470500499,750.1432006351465,580.4313802963474,1024.6508389523474,1374.4009112508982,1113.272940965819,1425.9333552600556,1338.8947082644193,1377.9998232074204,1207.958426261707,1399.6801592470597,1178.4634741702253,1115.814638989137,1240.443743316569,1607.0784104659708,1417.3571226011763,1370.590183513516,672.3982180847296,1668.198225270727,1408.8872433683691,1505.3161047681197,1200.0519706510902,1045.4441936791593,1247.1254827450082,1092.8612493239898,1372.5697680015114,1203.278243420003,1168.4296449775882,1186.186232661681
1,1756.3220166101644,0.0,488.84228921595167,132.97196748038405,200.92352576397482,1197.1761098898546,1387.3965304590897,1652.0312762806227,1494.5765683595987,271.43679149711113,189.28089564626583,1234.5845446763717,1307.694606257956,1235.05698419913,1203.4698002191285,1180.0810135925344,1222.5098776775742,1269.4429576217435,1348.0125085657849,1243.6281699186466,1229.2850679613234,1268.1096139773886,1497.12025690044,1394.4976955653658,1437.6790673607697,1404.940723639061,1217.1840794744687,1326.250130398892,1624.9000917930562,1490.4989016352015,1373.7711440379921,1288.5470437399918,1355.3095445039528,1419.8461663510134,1289.371676913829,1276.959199126001,1414.0851567959005,1798.3940283855761,1182.5074378281736,1485.0348489906685,1257.0775080676742,1073.0864296297123,1138.0505263421974,854.2074978125697,1298.0542483796394,1372.7309099316626,1396.5395549700374,1256.5889645574937,1439.8254967721841,1547.433038709725,1096.462436165442,1220.1925860413144
2,1886.154061448065,488.84228921595167,0.0,260.7148679249186,183.7289461836449,1061.4758503845765,1294.0049553508265,1638.1645614857193,1363.7848219137027,293.3294294494781,164.80923674665033,1182.9863259871586,1256.4208595969662,1185.2512260070207,1186.4076480050367,1152.822064678473,1183.3264951714557,1172.3186820181515,1278.856404287973,1325.5389510037185,1222.2524892457398,1247.8824772476978,1440.2206801068528,1251.6192111169423,1442.3469325498363,1457.1147326827486,1168.127021659356,1332.964406242561,1589.8530295917697,1271.4968387123552,1281.277899525276,1239.446220010265,1262.2157156659096,1316.6880759877,1208.1517493245003,1162.2113480384924,1295.7533151983314,1779.5545974195525,1108.915158566801,1466.6870243862566,1341.1333405034063,938.7616048991898,960.4440359905311,645.2123893410875,1246.5384915486502,1181.7475072874622,1266.0278298797546,1154.0371971339398,1214.6725824496204,1268.0998212353827,1017.6534945124279,1031.4079363667197
3,1578.974191161789,132.97196748038405,260.7148679249186,0.0,168.1941858325627,1139.8273401322035,1430.682965578564,1672.3614777429166,1424.1167971080977,190.78171625811567,194.5426461125452,1193.261049350817,1224.9353164141264,1164.8024999475679,1147.8298847459137,1107.245086687311,1163.0380078397077,1280.0742373122735,1363.079228931448,1273.2441634641573,1281.0864181047407,1275.1675931718003,1373.9234927693208,1373.5267665246797,1370.9894165848734,1416.554726813764,1247.309090456058,1387.7905107805996,1637.2451272581711,1421.9063329822545,1317.8230444618841,1222.7150270580175,1302.2608838784408,1373.7500217718498,1227.902939830685,1233.4899050826625,1352.0259678791024,1728.8210774268218,1117.2291759789507,1449.6571106944452,1180.037175236855,1044.4291451389684,1076.557833850141,809.6169533499697,1250.7398950289275,1293.5711332537142,1418.5476779489784,1300.6423720058729,1427.0733091430952,1455.0453289934226,1104.5571440566246,1164.6579964782836
4,1605.0307751310688,200.92352576397482,183.7289461836449,168.1941858325627,0.0,1198.8312746210252,1472.3372718607475,1743.4679400305483,1427.8564642625804,150.8130532063904,137.2964118642919,1260.9137612292525,1371.5189053824913,1274.2111418140878,1197.1837635191507,1190.488276000646,1261.0106951600164,1285.4372106512285,1405.3567123760015,1353.0326513794607,1307.234401760172,1357.7592528712212,1414.034139209111,1418.6363254172236,1473.5004567036221,1463.202654822442,1213.6055621079288,1362.7041378466754,1714.9778315776248,1407.040967429697,1352.125869631018,1350.457697936165,1361.2939920847953,1392.677412044137,1286.2105779638214,1272.5505765229682,1385.3414175424857,1767.7356555460537,1183.2486426869727,1556.521251584584,1214.0047043332736,1048.9861762535008,1013.5082020399813,801.3089529628346,1322.4578778744822,1262.9867757469947,1402.5694912015717,1262.420634289817,1450.2705086305014,1510.8293536154888,1169.7639691350728,1261.595304327681
5,1070.304431481536,1197.1761098898546,1061.4758503845765,1139.8273401322035,1198.8312746210252,0.0,813.7047566864476,1132.4160966249685,1009.6946707348549,1129.3813802065306,1074.660825939884,402.06675241733694,438.75591563727056,474.6999892479254,399.4376375779224,405.1431999995618,344.76326644307693,408.05598021450623,363.7829514759643,725.2279356309241,415.5419378845131,539.6558625926534,882.2245275026189,740.2703148523353,717.7060007000586,628.7106119981522,110.4092209859915,697.3103627227587,1146.5482319447344,1020.3641933984753,572.7051294958804,513.6573538156288,465.97176667799516,530.1566474202159,446.0102045881454,408.38403202660896,529.8664704176609,1260.1537199906763,429.69267346810614,900.2015687210478,731.6628897446318,1086.9885382913565,681.491072509681,1057.7891419065313,450.5961158972399,405.80237190450924,607.4087752112268,596.9393603269242,764.1826865706049,690.6144955363436,891.7595932262012,852.57496996921
6,1407.6197825416984,1387.3965304590897,1294.0049553508265,1430.682965578564,1472.3372718607475,813.7047566864476,0.0,752.2569961531289,1124.1629130823953,1461.073990151386,1312.2648180493127,891.9225240955018,891.926354773127,816.7019544528557,863.1042273472412,709.74234457324,857.6665371633808,730.600373524614,817.5087012479706,993.3419591809062,810.7251589610605,878.6438105826779,1077.2849916161263,832.8088461189983,1037.8678223185527,819.177213281377,789.7433891372331,246.70535627372928,663.4550942424972,1111.0202553907236,882.2213309588524,863.2140298677244,921.0642194423932,963.3830162047261,876.906801752108,846.7505619394444,946.0246362158697,1258.6228218357328,696.9060556562594,950.4268267176612,1033.2804271843254,1238.4236103276476,1001.8716233671812,1063.5573293470716,707.6573146752038,812.8671049488553,943.5432962690851,989.3477239208721,940.7800699388063,863.2083067138094,916.4895445607685,891.3326887285497
7,1151.2921281054028,1652.0312762806227,1638.1645614857193,1672.3614777429166,1743.4679400305483,1132.4160966249685,752.2569961531289,0.0,1059.1684168174359,1664.5902300592643,1529.9097944942648,1265.0747868047258,1127.9244956479274,1190.374524311948,1254.50596806211,1138.2524400969642,1116.4581910900365,1119.6381111238838,758.4484364119511,942.6195001243547,711.3084445565207,897.1747409724045,1000.4161460458154,667.0990586203453,1025.0774529997798,623.5486860188059,997.0036278205605,778.986633703282,236.98467426655245,1278.4071709943717,1351.3222239141328,1310.6358203585685,1285.9823271253308,1406.4035187673737,1210.0448905053242,1130.1325935559944,1338.7378761042196,1460.1644172908123,1199.1631437720766,1048.5450822420562,857.6498787175733,1341.071782738211,1160.021060254181,1117.8488003705845,978.1559471420737,919.8776563423686,1045.5183584407978,1045.0958547810772,1079.5177341941962,981.8951476097752,1039.3221201880642,1004.1953001570571
8,1339.253280642024,1494.5765683595987,1363.7848219137027,1424.1167971080977,1427.8564642625804,1009.6946707348549,1124.1629130823953,1059.1684168174359,0.0,1316.7025132401523,1247.6515076467733,1147.273678347778,1210.96393301603,1089.4043172879435,1142.360551946935,1110.2711701168375,1070.5181697835644,1100.6244984736254,995.2367809032281,1068.5926257150047,1068.9317118970673,1139.235337243194,1083.1635705038632,1014.7298875108432,1050.6607093555633,842.1495620130239,947.8864265122379,1223.6508725184165,1104.051748114998,598.3572945434163,1306.8108245720036,1246.7825205994413,1209.584204314571,1340.152842674759,1153.7152986238284,1144.532083442235,1257.7767000859023,1512.3700068664618,1135.967505966743,1267.5098171062791,1075.0504058659997,1291.2309979617703,1079.8923693174233,1106.0758976709924,1028.857670210693,938.5595815643458,1247.87503124964,1167.34018445552,1213.9884990070377,1136.0140027842458,1023.3319799187759,1086.9765294054635
9,1656.1116990611044,271.43679149711113,293.3294294494781,190.78171625811567,150.8130532063904,1129.3813802065306,1461.073990151386,1664.5902300592643,1316.7025132401523,0.0,265.31744085973446,1347.5882552232151,1413.7947567179929,1385.3718082127489,1316.9274063221123,1287.1785826602654,1345.7621458067113,1407.9403085136084,1456.167563158976,1408.5204797377314,1372.8875763149888,1403.5332613722517,1424.6583453594712,1478.481209024971,1520.6855791368575,1508.8745444112374,1268.991606345217,1524.142329618298,1804.7748710280193,1513.9144751531353,1475.4138546253614,1423.1326869269922,1435.435506737948,1518.8322681927843,1383.064693337039,1375.5990918592813,1485.6155725997978,1850.0065490783625,1284.312391849603,1614.9584270325984,1232.5625738905117,1179.3448665411734,1057.8167074480493,908.8634975611691,1413.2517069800194,1361.2766396308898,1486.8686320240427,1377.9997862274065,1559.0619171268443,1584.3192162688379,1234.74873444599,1305.037106131154
10,1783.643157328099,189.28089564626583,164.80923674665033,194.5426461125452,137.2964118642919,1074.660825939884,1312.2648180493127,1529.9097944942648,1247.6515076467733,265.31744085973446,0.0,1359.8419052332088,1383.297413275048,1293.0713767127856,1279.5125039511368,1206.340140437107,1291.7783866161924,1295.8041245469103,1522.7721526594078,1486.9640854675824,1425.9257289024108,1463.758505387671,1490.1070909803677,1442.6529571025824,1577.0972181826992,1544.9022895328224,1253.6272858497966,1434.347240770133,1735.8330651466324,1493.6618423404107,1403.431372323339,1354.8287342534995,1393.1845509232191,1452.858837599935,1324.92157360355,1303.292262815421,1441.6263509415355,1842.6629734086082,1191.0025473087153,1581.9164319434403,1378.270559733859,1050.018332760792,1032.078988100403,793.2868533570127,1384.3847093004551,1355.2464667218148,1433.9068766957423,1322.7247866530442,1495.0606396979874,1523.117259094231,1174.7625552761342,1248.0826258230138
11,1220.2090291869235,1234.5845446763717,1182.9863259871586,1193.261049350817,1260.9137612292525,402.06675241733694,891.9225240955018,1265.0747868047258,1147.273678347778,1347.5882552232151,1359.8419052332088,0.0,300.01003357079304,262.25024439941143,95.66290434295374,271.96224648679396,206.06201952159213,296.81303135811373,668.0200431451296,1072.7650908877642,604.9877086343629,868.8956638763683,1242.5579694581154,1026.4970431236163,1045.21029928993,856.6070098983984,554.7159925718054,871.2262809929747,1315.8853132936647,1217.8844420055705,280.70269413571424,221.30389450801633,208.74649051061274,271.32373986703647,187.87664918746805,192.48002845482378,226.2681854292793,1175.8228731536842,327.11354328122405,870.1395888697753,948.0393454955495,1485.8111933373996,1065.0786689288138,1391.7559575927758,865.5314242064311,689.2798434900866,1094.4111246501102,966.8199434485152,1116.216868076773,859.2181348696462,1047.697990192604,1010.1709660806885
12,1158.7436290696426,1307.694606257956,1256.4208595969662,1224.9353164141264,1371.5189053824913,438.75591563727056,891.926354773127,1127.9244956479274,1210.96393301603,1413.7947567179929,1383.297413275048,300.01003357079304,0.0,267.21282249541275,268.7015859368959,317.0216461622946,120.05169391326604,213.9563886157585,689.3136673140748,1031.2400766071771,615.6033027303412,784.1928076267625,1108.017375923599,894.2543173494221,929.1003599335935,828.9182746255995,552.932578121406,799.8429422131529,1172.7469733218866,1236.7033429474084,328.17198760801693,325.5944893499238,174.4280614723587,321.2736940894436,192.89804033860577,157.1697870758604,263.5780130737337,1222.795903130285,436.07485699510113,788.587595801611,862.3306954196938,1473.4901642283608,1032.6321643788554,1370.7786936345685,905.3416418084975,686.5896827652778,1028.503804947519,988.4234286187469,964.6333950604273,738.8863937872637,1075.9106272034705,988.5227755209388
13,1394.39188332176,1235.05698419913,1185.2512260070207,1164.8024999475679,1274.2111418140878,474.6999892479254,816.7019544528557,1190.374524311948,1089.4043172879435,1385.3718082127489,1293.0713767127856,262.25024439941143,267.21282249541275,0.0,291.8740570074243,239.94837481053372,219.42552875393525,131.62879623137934,780.046903637509,1189.1163262244202,714.1456479188346,987.7600862162521,1262.6460020909808,1049.530426775569,1085.891634650195,936.0693368083889,609.4102553789701,820.111941950366,1175.516181595862,1175.978292168958,264.4657760124423,200.5157430781089,289.07863027823737,305.40102121771946,258.7185611722864,204.57656959356714,219.21264802469565,1185.1729104101332,224.29033273796915,711.5889682232923,1080.8958199830486,1471.655429894333,1037.8341102624076,1382.290292340986,916.5710762294143,741.6856416507777,1075.9509314765787,1021.7435942101788,1090.2805043917278,823.0000290423052,1093.0164791379232,1058.6319022979155
14,1210.2101165964925,1203.4698002191285,1186.4076480050367,1147.8298847459137,1197.1837635191507,399.4376375779224,863.1042273472412,1254.50596806211,1142.360551946935,1316.9274063221123,1279.5125039511368,95.66290434295374,268.7015859368959,291.8740570074243,0.0,239.51943906687194,154.17309888158638,289.425532527593,697.8036795585541,1069.960632143705,608.3047457362661,909.5252956375487,1228.028958121498,1008.5600005224252,1087.4248738422143,854.4759556470459,531.2688811972321,877.3217917794037,1309.3808973018095,1210.4992307547004,194.5731171352636,260.8073881539667,208.3292369221028,219.10477529646258,174.50461094984544,165.43936045662556,200.91083642621874,1154.4082299919507,339.81194791493647,864.8897632814933,923.0706730069736,1531.6845024657505,1062.5041493289903,1412.7848377240093,870.1995193464809,675.2098186863511,1097.4538397549513,987.8442938940675,1166.4001772158072,891.8663010382122,1154.872813856763,1114.7772018583812
15,1366.9181477183545,1180.0810135925344,1152.822064678473,1107.245086687311,1190.488276000646,405.1431999995618,709.74234457324,1138.2524400969642,1110.2711701168375,1287.1785826602654,1206.340140437107,271.96224648679396,317.0216461622946,239.94837481053372,239.51943906687194,0.0,319.9295121592666,186.513247906045,858.3997608258225,1239.2872097076565,813.3463530753306,1027.6881060902624,1290.245441796663,1042.5342231849615,1143.6396550754407,983.7461106334126,606.5106694525981,835.3329667846299,1240.7691667419735,1336.5669310348098,333.9052990305576,254.17658515892006,315.40132440735954,358.09755023870974,259.1995278434421,311.7929415265928,318.84612854753016,1335.3148093910136,221.2601331566668,885.364082298551,1061.9882832460992,1501.678661192459,1108.7606019244574,1364.5121060912813,874.5738261650381,780.9098820230817,1096.0238412755245,1026.1315661346935,1163.3705098247983,913.8028502828354,1145.931350125442,1097.6202034706066
16,1064.0151755965696,1222.5098776775742,1183.3264951714557,1163.0380078397077,1261.0106951600164,344.76326644307693,857.6665371633808,1116.4581910900365,1070.5181697835644,1345.7621458067113,1291.7783866161924,206.06201952159213,120.05169391326604,219.42552875393525,154.17309888158638,319.9295121592666,0.0,334.8957818363226,646.5705109605173,1084.6723879214246,585.3402665624103,832.4926330822268,1160.5297961333893,849.8518640400921,979.267003002934,803.9206068159853,564.4593898468378,878.4193981329029,1237.8788138262182,1265.1056277945274,316.9232314954257,341.6559751013343,207.80630602795773,323.57771917595875,209.61692190576886,157.48264568161312,259.0425599011247,1174.4120047535203,423.4352933553126,748.6507500895444,889.1856699913835,1515.1037929835206,1110.3297311499782,1402.0600061067382,909.4039024000901,757.0320446744865,1058.9977974850924,946.9354630469096,1069.8027686220448,856.6626257507361,1081.934138284068,1029.6051466788397
17,1371.2109725876876,1269.4429576217435,1172.3186820181515,1280.0742373122735,1285.4372106512285,408.05598021450623,730.600373524614,1119.6381111238838,1100.6244984736254,1407.9403085136084,1295.8041245469103,296.81303135811373,213.9563886157585,131.62879623137934,289.425532527593,186.513247906045,334.8957818363226,0.0,914.7476466454733,1309.4193323575923,834.1893659860918,1095.8140792258928,1302.0916113643655,1107.6039843821097,1182.4581332732523,1010.3638983586172,683.1004751947779,823.1842736670392,1214.8626592140706,1302.3619615627817,288.42998585770005,272.2417326420601,278.0379464865801,299.937998675948,271.34875428585906,314.4259608529712,248.7663582004056,1313.3424059324768,232.1533366505436,880.9892696231144,1206.6932355924228,1526.8507538058175,1119.9811710000845,1344.5866261509877,978.946143130046,794.6066052233951,1109.4675682741718,1030.9894984103385,1137.879532434503,843.7434795338592,1133.7737237485942,1098.6812734410778
18,771.4801565113412,1348.0125085657849,1278.856404287973,1363.079228931448,1405.3567123760015,363.7829514759643,817.5087012479706,758.4484364119511,995.2367809032281,1456.167563158976,1522.7721526594078,668.0200431451296,689.3136673140748,780.046903637509,697.8036795585541,858.3997608258225,646.5705109605173,914.7476466454733,0.0,642.5730779111619,129.0288328522684,414.6725250059501,886.906446238537,690.3164143816566,617.3877936698669,387.95038995447413,498.8971125076114,874.4167542686271,960.3531527542037,1290.3235897926113,939.488472042797,828.6476087914433,860.7328923974716,1009.8589334250826,840.9941126267277,713.9949521137747,920.151327796066,1184.2100335070957,897.4786986282218,977.7075733511647,647.1884724757857,1297.9862775868917,929.9239651397353,1173.4117570131552,669.6597791607319,605.1097663008034,790.3464029641744,560.9750275553222,892.6023742165529,777.8342537322633,851.9528161632272,827.3353082961764
19,807.4020335247867,1243.6281699186466,1325.5389510037185,1273.2441634641573,1353.0326513794607,725.2279356309241,993.3419591809062,942.6195001243547,1068.5926257150047,1408.5204797377314,1486.9640854675824,1072.7650908877642,1031.2400766071771,1189.1163262244202,1069.960632143705,1239.2872097076565,1084.6723879214246,1309.4193323575923,642.5730779111619,0.0,466.92024036300575,213.3410100169803,507.0855532019289,691.5982487802261,554.2544694057361,576.6001086457336,528.3051743736343,884.9487473787351,965.5672378848024,1130.819411527356,1059.0499170218889,1059.8509951913934,1015.5131236655576,1183.1861487393062,963.603178643462,914.8740461118073,1050.158524219152,1449.9638705803297,1014.5073631692454,1061.1988621513437,415.07192417105716,1258.8219968189735,1017.3951851864313,1194.0103415000506,814.2631450369898,731.4711560180493,987.5487165456972,876.2859054789021,989.4386847458638,927.9839937062815,778.4062518811503,752.9912841326202
20,734.5444896063117,1229.2850679613234,1222.2524892457398,1281.0864181047407,1307.234401760172,415.5419378845131,810.7251589610605,711.3084445565207,1068.9317118970673,1372.8875763149888,1425.9257289024108,604.9877086343629,615.6033027303412,714.1456479188346,608.3047457362661,813.3463530753306,585.3402665624103,834.1893659860918,129.0288328522684,466.92024036300575,0.0,463.26677185312116,991.2304341374303,691.135506833679,778.3527087687829,396.8267722010988,560.6257789572397,909.1537835455462,931.8436118882969,1305.722964002925,833.1696474549631,751.7704342549695,780.2961109618537,928.415604498989,745.5904790624954,629.544933959577,804.5094733257898,1140.750138958539,830.5796389060079,807.1621631098201,613.2603129790641,1399.2326161383428,926.5077074557809,1275.2017271708646,778.817660879654,689.3190833490199,829.7870921382998,608.2191580920437,984.167272471065,865.368576436961,930.0466727579443,932.8686946768156
21,721.5478535271292,1268.1096139773886,1247.8824772476978,1275.1675931718003,1357.7592528712212,539.6558625926534,878.6438105826779,897.1747409724045,1139.235337243194,1403.5332613722517,1463.758505387671,868.8956638763683,784.1928076267625,987.7600862162521,909.5252956375487,1027.6881060902624,832.4926330822268,1095.8140792258928,414.6725250059501,213.3410100169803,463.26677185312116,0.0,829.9252983155067,854.8178660450247,331.9870295981826,630.1300862515767,753.2919544183236,1155.641863080902,1031.4843660873605,1469.3322061138972,1200.4878586599996,1087.3801542369442,1145.3479193275004,1325.609540203748,1059.7269262390298,983.6917131075382,1197.9958102095752,1690.7479356388963,1125.8877495687354,1168.7466872048064,637.8554090123306,1417.5824685740772,1224.6870963627289,1228.48549335993,925.2707433679622,890.1900566949148,1010.0921654615458,879.2721974603093,1010.1568974133819,889.3360249782888,884.4075978952923,847.1683708412583
22,872.7274767623155,1497.12025690044,1440.2206801068528,1373.9234927693208,1414.034139209111,882.2245275026189,1077.2849916161263,1000.4161460458154,1083.1635705038632,1424.6583453594712,1490.1070909803677,1242.5579694581154,1108.017375923599,1262.6460020909808,1228.028958121498,1290.245441796663,1160.5297961333893,1302.0916113643655,886.906446238537,507.0855532019289,991.2304341374303,829.9252983155067,0.0,560.8669878601523,502.36815807149515,460.7936719366013,604.4229785715302,806.0358916690794,753.6755050422338,913.7494324188381,995.8398940931183,991.1086031367603,921.2560896416514,1109.654516941838,922.6486116224619,875.1633949190439,963.6476373482145,1335.1443763398854,810.4843425847357,1067.2393223271306,368.8978668800757,1132.4878423270968,935.1633337320477,1051.0315566903757,700.873210984877,674.8279751315616,850.9668146635272,810.0071628539347,872.5630035591224,774.0954832692332,722.2822372021376,706.2843161319818
23,879.5666470500499,1394.4976955653658,1251.6192111169423,1373.5267665246797,1418.6363254172236,740.2703148523353,832.8088461189983,667.0990586203453,1014.7298875108432,1478.481209024971,1442.6529571025824,1026.4970431236163,894.2543173494221,1049.530426775569,1008.5600005224252,1042.5342231849615,849.8518640400921,1107.6039843821097,690.3164143816566,691.5982487802261,691.135506833679,854.8178660450247,560.8669878601523,0.0,739.1122312316552,300.6938066479475,615.8612510215515,764.8192714045239,796.3676403669028,1157.9060465718999,1021.0057992260024,964.3790347072255,984.4122125898717,1083.192453810631,922.1497138988864,762.175460479624,1035.9999765534135,1302.474665747204,830.3713019106821,943.7876329634826,619.6209033139908,1271.408591842387,935.9193055323198,1105.064234286948,726.04614504987,742.9991135698332,690.0025713659489,628.5803441434398,765.6923649333046,799.9802624280803,705.1801919599916,753.3823598449485
24,750.1432006351465,1437.6790673607697,1442.3469325498363,1370.9894165848734,1473.5004567036221,717.7060007000586,1037.8678223185527,1025.0774529997798,1050.6607093555633,1520.6855791368575,1577.0972181826992,1045.21029928993,929.1003599335935,1085.891634650195,1087.4248738422143,1143.6396550754407,979.267003002934,1182.4581332732523,617.3877936698669,554.2544694057361,778.3527087687829,331.9870295981826,502.36815807149515,739.1122312316552,0.0,687.4767718618349,873.3352701262769,1190.4246773920793,1188.3587044938517,1470.3572014746055,1346.0243834870284,1160.605784834104,1254.9595163017946,1429.9628056025972,1205.604510876116,1112.9579900435967,1324.9941393907459,1676.714245372772,1172.9015411757196,1313.4437095135718,938.6403183109273,1417.6968914670679,1264.9008952612044,1261.7894642662131,944.0092236836641,947.2831051859661,1066.5408679983484,881.5028881902163,1080.8077775579177,1006.2642075542851,814.6979828904581,797.5220468013208
25,580.4313802963474,1404.940723639061,1457.1147326827486,1416.554726813764,1463.202654822442,628.7106119981522,819.177213281377,623.5486860188059,842.1495620130239,1508.8745444112374,1544.9022895328224,856.6070098983984,828.9182746255995,936.0693368083889,854.4759556470459,983.7461106334126,803.9206068159853,1010.3638983586172,387.95038995447413,576.6001086457336,396.8267722010988,630.1300862515767,460.7936719366013,300.6938066479475,687.4767718618349,0.0,712.5250862154336,994.4574840177344,835.8077472568948,1249.0781149960242,1051.9898558371929,1020.4039263469095,979.9430228458023,1146.7933937986545,963.1907534077845,862.016515624337,1036.3235132659634,1289.6749384455234,998.1673877646197,1061.6775193351612,633.3191986685603,1423.8507662170007,1150.0736271629755,1251.8442831030798,881.5351299932107,785.3265968534768,811.9976306726132,735.8144694026543,1028.3445817456677,898.4812694465696,904.9084815787672,934.877671538167
26,1024.6508389523474,1217.1840794744687,1168.127021659356,1247.309090456058,1213.6055621079288,110.4092209859915,789.7433891372331,997.0036278205605,947.8864265122379,1268.991606345217,1253.6272858497966,554.7159925718054,552.932578121406,609.4102553789701,531.2688811972321,606.5106694525981,564.4593898468378,683.1004751947779,498.8971125076114,528.3051743736343,560.6257789572397,753.2919544183236,604.4229785715302,615.8612510215515,873.3352701262769,712.5250862154336,0.0,656.4314340198566,1029.465273724968,1061.1727688564501,483.2885344569761,511.62521085309686,500.72949634861806,560.8076274728716,435.5613090256397,354.3526457418455,514.0381170339438,1144.689873564617,430.77738515282545,802.9910962432136,632.1024542626615,1130.9957798314183,627.6079020180451,1071.0925520324884,630.9127625483984,521.5121231696347,703.5455987744527,636.0689089609043,862.4031121941862,696.1968546009937,816.1030403371196,771.2693606014375
27,1374.4009112508982,1326.250130398892,1332.964406242561,1387.7905107805996,1362.7041378466754,697.3103627227587,246.70535627372928,778.986633703282,1223.6508725184165,1524.142329618298,1434.347240770133,871.2262809929747,799.8429422131529,820.111941950366,877.3217917794037,835.3329667846299,878.4193981329029,823.1842736670392,874.4167542686271,884.9487473787351,909.1537835455462,1155.641863080902,806.0358916690794,764.8192714045239,1190.4246773920793,994.4574840177344,656.4314340198566,0.0,715.8279045785539,1136.6851739432811,694.6663598837498,650.53376322426,641.7770531236886,720.7043586900338,618.081896109052,576.8242027111597,668.3037403696998,1149.126767470779,506.5822855398329,861.0481865783422,863.6295396153307,1193.295924836685,919.7756866921454,1013.9237537236738,689.3361571968809,706.9104118347101,898.9308957369266,872.469853075389,903.9464825842117,753.3834309135995,920.3473983990499,866.3886247058279
28,1113.272940965819,1624.9000917930562,1589.8530295917697,1637.2451272581711,1714.9778315776248,1146.5482319447344,663.4550942424972,236.98467426655245,1104.051748114998,1804.7748710280193,1735.8330651466324,1315.8853132936647,1172.7469733218866,1175.516181595862,1309.3808973018095,1240.7691667419735,1237.8788138262182,1214.8626592140706,960.3531527542037,965.5672378848024,931.8436118882969,1031.4843660873605,753.6755050422338,796.3676403669028,1188.3587044938517,835.8077472568948,1029.465273724968,715.8279045785539,0.0,1185.767171398763,1084.9095702308277,990.5541803945816,1009.2238186065472,1139.6750750120948,961.2874343071405,921.1321770685479,1032.5841054162618,1350.742588553354,914.8084752007551,802.0870777148773,793.5865874242594,1303.602304204585,1110.3391004318887,1107.4970712604331,959.1266976515234,953.2435444157061,1054.2210469132854,978.918660740272,1005.370024599738,823.0853678851213,944.2811693566968,862.5514098467015
29,1425.9333552600556,1490.4989016352015,1271.4968387123552,1421.9063329822545,1407.040967429697,1020.3641933984753,1111.0202553907236,1278.4071709943717,598.3572945434163,1513.9144751531353,1493.6618423404107,1217.8844420055705,1236.7033429474084,1175.978292168958,1210.4992307547004,1336.5669310348098,1265.1056277945274,1302.3619615627817,1290.3235897926113,1130.819411527356,1305.722964002925,1469.3322061138972,913.7494324188381,1157.9060465718999,1470.3572014746055,1249.0781149960242,1061.1727688564501,1136.6851739432811,1185.767171398763,0.0,933.382330144707,939.2620873337984,884.095091180459,981.4259084160296,854.4391276456165,844.8841176417106,851.4692587154182,1313.0292138309856,825.904809588567,1072.6639391907554,839.1588037796314,1075.9824868242756,799.1613132230459,962.8405866957386,753.4267921574749,642.3032572830963,988.0805736717405,965.511606582926,937.4554933326423,722.957134138596,871.509799500433,935.2686475854794
30,1338.8947082644193,1373.7711440379921,1281.277899525276,1317.8230444618841,1352.125869631018,572.7051294958804,882.2213309588524,1351.3222239141328,1306.8108245720036,1475.4138546253614,1403.431372323339,280.70269413571424,328.17198760801693,264.4657760124423,194.5731171352636,333.9052990305576,316.9232314954257,288.42998585770005,939.488472042797,1059.0499170218889,833.1696474549631,1200.4878586599996,995.8398940931183,1021.0057992260024,1346.0243834870284,1051.9898558371929,483.2885344569761,694.6663598837498,1084.9095702308277,933.382330144707,0.0,277.63640798108423,202.62073034717156,221.5849558886591,105.57487165392584,171.53268390599843,90.53730854477216,1281.0758139115478,311.4459087570311,817.8251880704842,1079.6506031812849,1630.0625732805477,1198.818036551428,1476.413446417069,1006.8515152024834,830.756990602872,1197.0316398770901,1122.6861508425798,1265.3161950860333,958.9274118386595,1280.3330299737372,1229.5089999526797
31,1377.9998232074204,1288.5470437399918,1239.446220010265,1222.7150270580175,1350.457697936165,513.6573538156288,863.2140298677244,1310.6358203585685,1246.7825205994413,1423.1326869269922,1354.8287342534995,221.30389450801633,325.5944893499238,200.5157430781089,260.8073881539667,254.17658515892006,341.6559751013343,272.2417326420601,828.6476087914433,1059.8509951913934,751.7704342549695,1087.3801542369442,991.1086031367603,964.3790347072255,1160.605784834104,1020.4039263469095,511.62521085309686,650.53376322426,990.5541803945816,939.2620873337984,277.63640798108423,0.0,257.6692192349653,327.0620011105949,212.32463778131762,162.88838210603757,208.28180699781086,1261.4769041075185,311.16812331000534,830.6297271802887,1046.981647682842,1556.837094948481,1167.913694799434,1388.2430074052288,929.8544809390785,796.3646549218082,1135.9726689787012,1069.5374582399627,1113.6370788445417,830.6884968315973,1137.129946414882,1068.5659837774506
32,1207.958426261707,1355.3095445039528,1262.2157156659096,1302.2608838784408,1361.2939920847953,465.97176667799516,921.0642194423932,1285.9823271253308,1209.584204314571,1435.435506737948,1393.1845509232191,208.74649051061274,174.4280614723587,289.07863027823737,208.3292369221028,315.40132440735954,207.80630602795773,278.0379464865801,860.7328923974716,1015.5131236655576,780.2961109618537,1145.3479193275004,921.2560896416514,984.4122125898717,1254.9595163017946,979.9430228458023,500.72949634861806,641.7770531236886,1009.2238186065472,884.095091180459,202.62073034717156,257.6692192349653,0.0,205.25827094953885,80.3442054663426,194.04901337191188,106.33660189917858,1310.872861269763,390.2642328423269,837.4177714404559,1057.2855528688194,1616.2988384007597,1184.3029624505036,1483.0480522444198,1035.9412745808077,833.0868130805533,1222.8166144323325,1165.2053277686784,1184.3555276758727,875.0610054469748,1260.4915680920324,1164.8660001886647
33,1399.6801592470597,1419.8461663510134,1316.6880759877,1373.7500217718498,1392.677412044137,530.1566474202159,963.3830162047261,1406.4035187673737,1340.152842674759,1518.8322681927843,1452.858837599935,271.32373986703647,321.2736940894436,305.40102121771946,219.10477529646258,358.09755023870974,323.57771917595875,299.937998675948,1009.8589334250826,1183.1861487393062,928.415604498989,1325.609540203748,1109.654516941838,1083.192453810631,1429.9628056025972,1146.7933937986545,560.8076274728716,720.7043586900338,1139.6750750120948,981.4259084160296,221.5849558886591,327.0620011105949,205.25827094953885,0.0,80.43596124260725,176.98887133866205,29.008653296367285,1311.4076216080396,361.26896247447485,906.5068311057018,1177.3229745868243,1698.3912897765408,1216.1441406979084,1560.0322077449964,1059.5342205214383,814.2037097084545,1250.4843028809003,1162.7326238912285,1336.0603803730396,1010.7103591868668,1330.882903279566,1288.0533963775229
34,1178.4634741702253,1289.371676913829,1208.1517493245003,1227.902939830685,1286.2105779638214,446.0102045881454,876.906801752108,1210.0448905053242,1153.7152986238284,1383.064693337039,1324.92157360355,187.87664918746805,192.89804033860577,258.7185611722864,174.50461094984544,259.1995278434421,209.61692190576886,271.34875428585906,840.9941126267277,963.603178643462,745.5904790624954,1059.7269262390298,922.6486116224619,922.1497138988864,1205.604510876116,963.1907534077845,435.5613090256397,618.081896109052,961.2874343071405,854.4391276456165,105.57487165392584,212.32463778131762,80.3442054663426,80.43596124260725,0.0,181.77529558904473,134.7919947284329,1338.2397887810455,436.89006439884434,940.6404503600586,1065.8331122414756,1654.8508130853843,1236.6975143021725,1511.76483822186,1111.1950440043663,880.519221361802,1279.394628008348,1167.0563841092544,1298.301906710771,947.7970053473811,1341.9099086034164,1285.2891547247323
35,1115.814638989137,1276.959199126001,1162.2113480384924,1233.4899050826625,1272.5505765229682,408.38403202660896,846.7505619394444,1130.1325935559944,1144.532083442235,1375.5990918592813,1303.292262815421,192.48002845482378,157.1697870758604,204.57656959356714,165.43936045662556,311.7929415265928,157.48264568161312,314.4259608529712,713.9949521137747,914.8740461118073,629.544933959577,983.6917131075382,875.1633949190439,762.175460479624,1112.9579900435967,862.016515624337,354.3526457418455,576.8242027111597,921.1321770685479,844.8841176417106,171.53268390599843,162.88838210603757,194.04901337191188,176.98887133866205,181.77529558904473,0.0,185.93089626907985,1208.2376631573993,449.94877182540165,888.7537013769548,1014.5443097168312,1597.1070712648911,1194.9825495770444,1469.006251439844,988.4507359485796,813.4211195310717,1148.3952107910493,1069.4234318892586,1195.764424239681,918.851297156704,1190.9828023780726,1130.1586473751065
36,1240.443743316569,1414.0851567959005,1295.7533151983314,1352.0259678791024,1385.3414175424857,529.8664704176609,946.0246362158697,1338.7378761042196,1257.7767000859023,1485.6155725997978,1441.6263509415355,226.2681854292793,263.5780130737337,219.21264802469565,200.91083642621874,318.84612854753016,259.0425599011247,248.7663582004056,920.151327796066,1050.158524219152,804.5094733257898,1197.9958102095752,963.6476373482145,1035.9999765534135,1324.9941393907459,1036.3235132659634,514.0381170339438,668.3037403696998,1032.5841054162618,851.4692587154182,90.53730854477216,208.28180699781086,106.33660189917858,29.008653296367285,134.7919947284329,185.93089626907985,0.0,1293.859951237134,389.8114290232879,930.3198089340412,1189.3982175590843,1739.9116132969712,1269.780131481009,1575.1337048619594,1104.8304724704776,884.1846693966098,1313.246207027665,1229.7512620192667,1356.3231018800357,1001.8466429827419,1359.4884458923468,1294.7352029159194
37,1607.0784104659708,1798.3940283855761,1779.5545974195525,1728.8210774268218,1767.7356555460537,1260.1537199906763,1258.6228218357328,1460.1644172908123,1512.3700068664618,1850.0065490783625,1842.6629734086082,1175.8228731536842,1222.795903130285,1185.1729104101332,1154.4082299919507,1335.3148093910136,1174.4120047535203,1313.3424059324768,1184.2100335070957,1449.9638705803297,1140.750138958539,1690.7479356388963,1335.1443763398854,1302.474665747204,1676.714245372772,1289.6749384455234,1144.689873564617,1149.126767470779,1350.742588553354,1313.0292138309856,1281.0758139115478,1261.4769041075185,1310.872861269763,1311.4076216080396,1338.2397887810455,1208.2376631573993,1293.859951237134,0.0,1160.9400535844868,1222.597147399137,1427.0742787057009,1790.1002984114202,1380.0405462079866,1478.5689270985104,1382.812878205604,1222.9716042955085,1528.8994747676907,1405.9053118356965,1499.2303030722585,1195.7721149183292,1357.805123513487,1310.8420265760951
38,1417.3571226011763,1182.5074378281736,1108.915158566801,1117.2291759789507,1183.2486426869727,429.69267346810614,696.9060556562594,1199.1631437720766,1135.967505966743,1284.312391849603,1191.0025473087153,327.11354328122405,436.07485699510113,224.29033273796915,339.81194791493647,221.2601331566668,423.4352933553126,232.1533366505436,897.4786986282218,1014.5073631692454,830.5796389060079,1125.8877495687354,810.4843425847357,830.3713019106821,1172.9015411757196,998.1673877646197,430.77738515282545,506.5822855398329,914.8084752007551,825.904809588567,311.4459087570311,311.16812331000534,390.2642328423269,361.26896247447485,436.89006439884434,449.94877182540165,389.8114290232879,1160.9400535844868,0.0,881.2224580741339,1137.835721394002,1420.4689202444463,1061.9336880751061,1321.6517645731565,880.9312930927954,824.6085119515543,1082.8338304960164,1005.0020361185742,1096.5281038438482,806.246111889998,1065.2844768300413,962.2982625291943
39,1370.590183513516,1485.0348489906685,1466.6870243862566,1449.6571106944452,1556.521251584584,900.2015687210478,950.4268267176612,1048.5450822420562,1267.5098171062791,1614.9584270325984,1581.9164319434403,870.1395888697753,788.587595801611,711.5889682232923,864.8897632814933,885.364082298551,748.6507500895444,880.9892696231144,977.7075733511647,1061.1988621513437,807.1621631098201,1168.7466872048064,1067.2393223271306,943.7876329634826,1313.4437095135718,1061.6775193351612,802.9910962432136,861.0481865783422,802.0870777148773,1072.6639391907554,817.8251880704842,830.6297271802887,837.4177714404559,906.5068311057018,940.6404503600586,888.7537013769548,930.3198089340412,1222.597147399137,881.2224580741339,0.0,1049.1838635210675,1441.2650039778496,1087.7606782054982,1394.6052628243442,1092.3466144525905,989.982075293121,1309.568343384756,1134.116810396066,1018.1701452032462,886.6453112714303,1145.2407937822452,990.1796498517037
40,672.3982180847296,1257.0775080676742,1341.1333405034063,1180.037175236855,1214.0047043332736,731.6628897446318,1033.2804271843254,857.6498787175733,1075.0504058659997,1232.5625738905117,1378.270559733859,948.0393454955495,862.3306954196938,1080.8958199830486,923.0706730069736,1061.9882832460992,889.1856699913835,1206.6932355924228,647.1884724757857,415.07192417105716,613.2603129790641,637.8554090123306,368.8978668800757,619.6209033139908,938.6403183109273,633.3191986685603,632.1024542626615,863.6295396153307,793.5865874242594,839.1588037796314,1079.6506031812849,1046.981647682842,1057.2855528688194,1177.3229745868243,1065.8331122414756,1014.5443097168312,1189.3982175590843,1427.0742787057009,1137.835721394002,1049.1838635210675,0.0,1576.6453277085445,1192.6106941610647,1440.4869799035089,985.1304698531433,868.5163847332689,1149.0961896615793,1047.9322236330192,1233.6916559508254,1138.715735597796,1183.0682617694758,1159.4600232685289
41,1668.198225270727,1073.0864296297123,938.7616048991898,1044.4291451389684,1048.9861762535008,1086.9885382913565,1238.4236103276476,1341.071782738211,1291.2309979617703,1179.3448665411734,1050.018332760792,1485.8111933373996,1473.4901642283608,1471.655429894333,1531.6845024657505,1501.678661192459,1515.1037929835206,1526.8507538058175,1297.9862775868917,1258.8219968189735,1399.2326161383428,1417.5824685740772,1132.4878423270968,1271.408591842387,1417.6968914670679,1423.8507662170007,1130.9957798314183,1193.295924836685,1303.602304204585,1075.9824868242756,1630.0625732805477,1556.837094948481,1616.2988384007597,1698.3912897765408,1654.8508130853843,1597.1070712648911,1739.9116132969712,1790.1002984114202,1420.4689202444463,1441.2650039778496,1576.6453277085445,0.0,539.2489974639135,335.03753506698604,715.9550888566403,761.4855650461554,715.9520935221533,681.2159365808056,824.0934911970432,894.4635646204322,718.8692112503054,731.4708371440281
