,0,1,2,3,4,5,6,7,8,9,10,11,12,13,14,15,16,17,18,19,20,21,22,23,24,25,26,27,28,29,30,31,32,33,34,35,36,37,38,39,40,41,42,43,44,45,46,47,48,49,50,51
0,0.0,2459.3704429289305,2640.138578967269,2286.6729544039285,2200.7805012167473,1610.1180098519096,2179.4366800308435,1930.6379417617384,1966.4611986871314,2150.4933177473845,2475.4201586224563,1881.205022868278,1670.1668352769798,1954.2783862070164,1872.8810004836973,2045.694336629783,1544.6859984086566,1935.6668602958405,1017.7688193469146,981.9780787831509,963.054161028386,935.0542982441171,1413.813632256029,1502.5225339622698,985.9710649361697,869.1898463187217,1512.7310849296111,2117.2926829699186,1962.708275775518,1916.2571666757326,1943.6349935660255,2072.3259039034283,1783.5613200701025,1960.3604706158999,1720.1534337133705,1668.4962912998865,1753.772977392565,2758.929424042752,2040.2864451518378,2073.0988745053382,863.4825267038868,2508.020615217584,2119.7479826628705,2140.7184034996053,1800.1040897782932,1593.293453811491,1922.0032745072283,1774.0359784947436,2256.5296396974754,1970.891392354232,1844.102252584921,1840.8839780721275
1,2459.3704429289305,0.0,935.1655242258734,587.0429639728175,586.0527473690256,1793.7615241381086,2040.941793162689,2286.395211120406,2282.9091487648857,406.42858948659233,575.1895858968148,1824.8296351358263,1799.8281934754154,1779.2411437777057,1784.9394125015579,1725.320969206914,1659.114453735962,1720.6475376351698,1790.967427644962,1783.7731635540981,1629.2194979054939,1781.5539091003363,2272.240020214066,2056.0034099668133,1971.8399426579454,1868.0252897838152,1815.2945907060305,1893.188722326203,2281.0280522010803,2072.517592388411,1871.9072627696312,1892.5784740874183,1832.2921072130532,1911.486928925773,1687.3924593889487,1707.750986311967,1827.2500530177,3073.738049678458,1543.4625489312114,2120.4622844763953,1794.1413015004623,1912.2145155761975,1850.9707542559956,1507.6838364216733,1938.312523584753,1908.158259090907,2098.84579784008,1944.7537480215358,2353.1979034451297,2288.903610211107,1809.635756603427,1916.9179080702243
2,2640.138578967269,935.1655242258734,0.0,510.65081466873875,328.0692745310043,1476.290558481451,1705.887776299819,2166.9351809920654,2084.007410305735,513.8943129546839,324.3296739738123,1555.7806415696414,1538.8046405505816,1574.0775139739414,1617.7288393306114,1533.2671958776996,1441.0913203124505,1511.2474097425277,1704.0075082010158,1834.9776655510527,1663.21703257999,1668.1390602596293,2043.5624929409369,1677.838757044817,1812.3175306129272,1871.7684157029034,1621.7077287903915,1771.169770230069,2062.373578470518,1702.273712360329,1619.2443958727665,1577.7386531985296,1524.769055166215,1663.8669323392696,1463.8602916034024,1368.4661355811083,1547.1774514597575,2932.9091182392713,1407.2251169511485,1957.1553423967282,1853.7603244558463,1675.9558541073575,1561.4648269199158,1146.9276557631733,1711.9894352107765,1616.1133069323969,1761.5069231388427,1714.4963675009312,1900.128688107777,1820.8057326463181,1537.3246767202095,1544.7741152790295
3,2286.6729544039285,587.0429639728175,510.65081466873875,0.0,530.6957959008141,1749.4449128580754,2151.333773409067,2453.10537725334,2243.82307143487,504.19162257623094,406.00843029827047,1837.9580617279792,1732.017054207703,1798.2961862172415,1810.1402020284943,1748.545587861413,1613.181825535608,1840.903450304869,1869.5933235593027,1926.30020115892,1834.447094448135,1825.0237487461968,2139.0164870899384,2086.013725103505,1860.1101597071931,1899.5069382003967,1925.9771636025146,2205.9306717287054,2436.509012803884,2166.5621960235494,1947.0147349248612,1906.9042114562592,1830.945749952604,1974.2891880844736,1682.950728623269,1679.9636240419404,1861.010445457016,3068.1294832771446,1682.537909332953,2198.537517834092,1858.9735176367876,2084.9811468576613,1889.636134589308,1632.872561709447,1955.4076608320343,1911.0959043243113,2175.9816027502748,2085.3943025257145,2352.558034352158,2319.6506142325297,1870.8347987041234,1930.5500264855311
4,2200.7805012167473,586.0527473690256,328.0692745310043,530.6957959008141,0.0,1776.822132594643,2077.4852823609044,2478.0212988095286,2312.6970022579144,568.6171893390032,406.3854716290118,1868.0609662034246,1871.6526270971558,1887.035457755077,1863.948536238897,1787.3156264788242,1724.6003472063228,1860.7522704307112,1948.2278940888993,1873.019589801066,1855.5129010448265,1846.474588090096,2099.145168368832,2026.8760420946599,1855.3880377178841,1989.4581995684896,1736.5694612459822,1992.6664212393136,2409.764395160473,2025.5063401220352,1964.3273215996114,1978.5091046268487,1857.931447081023,1933.2989342750245,1739.6686018106993,1698.2234454856527,1843.415895692704,3062.768196083741,1699.1769757440054,2294.769150089123,1769.2064399018236,1809.8768414061647,1604.9726731924713,1378.255648395074,1866.1941796708404,1689.556784280624,1938.7172431051024,1874.552156670222,2288.451771822082,2231.5588814156526,1800.0707331179754,1895.6705616143192
5,1610.1180098519096,1793.7615241381086,1476.290558481451,1749.4449128580754,1776.822132594643,0.0,1224.1666959332558,1514.2017169394312,1534.3928207792073,1443.066991465617,1508.368893654985,815.2629349822863,761.5586195695493,901.6457385540857,815.5082732064001,818.5571061456556,690.0111987552882,798.2456857066726,562.5829903338713,1049.4102395957718,631.9806424969266,881.8027880894485,1446.6201684847367,1097.822634713936,1031.9065962425213,902.0521402040672,157.14057533819687,1137.8519546382274,1567.2961577161298,1470.7709509194897,1015.2926304198008,973.6484724805684,831.3545889780956,915.0270156022458,827.7170759706514,786.8837698129332,903.1985785603089,2217.2288872156137,803.8140791187395,1429.4450414686946,1104.2234537028633,1745.074122081415,1137.6911857562145,1507.488020778387,788.0565390002062,698.989687734229,998.4444073332237,1039.417551260633,1350.539831470849,1275.8791030367368,1296.3287487014652,1268.1639872714527
6,2179.4366800308435,2040.941793162689,1705.887776299819,2151.333773409067,2077.4852823609044,1224.1666959332558,0.0,1261.6824667865953,1731.2776567311762,1957.0350169916408,1851.7957923021772,1310.5046713194263,1245.2496102241382,1209.5236120764673,1311.9318634024419,1107.9572634987398,1193.9830549125863,1110.04787730392,1280.9906346241478,1586.2139836205172,1321.483424497734,1404.3843654505936,1793.0654161440732,1241.10549798402,1523.6385710125578,1256.0597366699103,1251.623414876306,463.68872982022356,989.0894166685237,1668.5570427663013,1311.5704382493757,1292.1227918407606,1255.4188312253186,1339.1490764489276,1223.565598046341,1164.1896614424197,1306.6516816982848,2484.186484831851,1035.9469728269569,1478.5863870741152,1625.2613248444084,1785.8154022320955,1601.7584590904244,1366.6415641340514,1032.4179560300693,1260.3099415671477,1486.8699775121283,1551.1327375995138,1378.7867373737813,1316.807765313308,1252.906309905707,1258.5812499503993
7,1930.6379417617384,2286.395211120406,2166.9351809920654,2453.10537725334,2478.0212988095286,1514.2017169394312,1261.6824667865953,0.0,1873.857135462317,2115.8623190755497,2137.8281405223283,1773.9788112372796,1551.9615026986728,1645.9081393449565,1706.6596367988532,1663.215109285465,1530.3485017035969,1481.87055512337,1182.2974218424056,1554.6211206307069,1143.4385949226405,1503.9571007345567,1634.6095212951298,1152.9344575245145,1611.5380166502937,1070.9941899301643,1459.6399534452153,1346.4670287944432,535.5072985407394,1860.7736761795802,1800.305979777094,1801.1954921633303,1693.865746601004,1847.78490737658,1621.027177101277,1555.742525564833,1734.136978454539,2524.1615926749782,1562.2278665165445,1478.8025659362563,1513.3524868719842,2241.7641061771133,1770.2425407271107,1763.062201684988,1538.6450750457184,1390.716025970787,1644.2104247904745,1654.7238804807293,1885.183930211689,1712.8953942207472,1719.2537323938518,1664.0238101810598
8,1966.4611986871314,2282.9091487648857,2084.007410305735,2243.82307143487,2312.6970022579144,1534.3928207792073,1731.2776567311762,1873.857135462317,0.0,1742.0760265410593,1773.6730276562162,1662.008954117986,1600.4888859603439,1495.4937711297082,1671.829810064052,1602.3591025065296,1429.6600601104674,1491.1187607796307,1334.060943300825,1570.4876637273594,1380.8030969336212,1653.2217271276031,1816.3415606335905,1580.3711260068324,1504.9043758111588,1153.210691677441,1375.6495840510474,1832.5919349214553,1759.166470427827,949.0123012725664,1779.0738574356483,1772.1616127745053,1657.5518540862997,1776.354539619429,1579.2240686640046,1534.931374391858,1668.161474275251,2541.576163878603,1562.389665210603,1813.6047486642512,1579.0097084504002,2072.7281235404325,1707.224993744647,1712.8349822223236,1521.2716230886886,1283.0329162385556,1834.7215547739308,1793.3085943693297,1913.5021974151891,1803.8902805168555,1604.249107286198,1688.567764184524
9,2150.4933177473845,406.42858948659233,513.8943129546839,504.19162257623094,568.6171893390032,1443.066991465617,1957.0350169916408,2115.8623190755497,1742.0760265410593,0.0,592.7573010149098,1756.521727045487,1769.5335961260491,1749.342481419959,1731.5033262148036,1647.6153359019704,1629.0870545576738,1677.800730618368,1848.107916956196,1841.2975821206667,1716.7131526741034,1874.5422023878411,2161.7856982645794,2021.8670546006524,1980.8527878866807,1978.9587272038561,1699.4673219065944,2086.0365231007413,2411.1038353112212,1966.0021399027585,1762.4550742168308,1827.4038796942039,1699.8332600110834,1839.9626255254975,1594.6570561498077,1617.1489364206634,1714.4225231612877,3009.33865539695,1540.013675186696,2053.727388743988,1658.0457055095897,1981.953281296069,1687.506350494104,1466.6477252738136,1947.4303175247283,1758.1006280915258,2119.0157364954475,2011.6579789085852,2350.443359806576,2245.330930418713,1904.2152179521938,1967.9075694636615
10,2475.4201586224563,575.1895858968148,324.3296739738123,406.00843029827047,406.3854716290118,1508.368893654985,1851.7957923021772,2137.8281405223283,1773.6730276562162,592.7573010149098,0.0,1866.3379235448142,1735.9365688836529,1771.6343061263483,1791.0570793080954,1707.2375861460525,1628.478396909579,1724.012379380777,2061.9338978374317,2133.442988731525,2008.6929011881782,2035.8358907519432,2287.4096699278157,2069.1924105047424,2069.309519475368,2066.1315998725418,1834.0282643968428,2147.9139142375843,2408.318732382158,2135.4071697384434,1871.2019969968806,1847.4573427885018,1774.1761621118055,1900.8600996438684,1642.7149947571158,1611.2359608306158,1794.9604675862633,3109.8376956418324,1592.318083422791,2176.8734341661366,2038.65193422639,1907.916501073004,1714.0663262496737,1445.2543554414729,2012.333250169244,1814.6352676183762,2075.661129448967,2004.9070922398948,2318.736587207343,2263.7828495943295,1857.5335446257486,1897.8567286432894
11,1881.205022868278,1824.8296351358263,1555.7806415696414,1837.9580617279792,1868.0609662034246,815.2629349822863,1310.5046713194263,1773.9788112372796,1662.008954117986,1756.521727045487,1866.3379235448142,0.0,604.8628546181797,481.6906313821666,216.1784174248687,489.81177007763404,412.5233907180523,539.5277564597169,1096.225241020369,1725.546211634732,1050.5586520768838,1428.7224252232188,2054.640929587133,1678.8643071329468,1539.668298452618,1362.3710020755993,1147.3014253423523,1383.9164257598677,1801.2289122907168,1690.5578449842276,438.5335581616255,389.03404886642704,365.8636758701083,496.0201722539734,330.24108904716775,382.27480447118285,372.2703118872576,2336.293805538336,548.0371417219221,1233.5679949319508,1596.041797346387,2443.424137269185,1863.0183400868546,2005.871122961982,1426.7333337348327,1225.6005654204869,1796.3725260185688,1712.9176752580756,1942.1473449799382,1616.435929797739,1699.5901878593672,1612.967054787868
12,1670.1668352769798,1799.8281934754154,1538.8046405505816,1732.017054207703,1871.6526270971558,761.5586195695493,1245.2496102241382,1551.9615026986728,1600.4888859603439,1769.5335961260491,1735.9365688836529,604.8628546181797,0.0,471.07994985233574,574.4344127357023,592.958131650583,185.22417968287832,382.18216098672974,1001.198893457379,1523.8954149238757,979.3474567094776,1212.8957611141254,1846.2555128403822,1370.312801982698,1310.012104619544,1225.5329967552016,1021.1242023458692,1249.51511302362,1614.272951583021,1574.8608407595884,595.1567538860246,589.1622702226549,321.8654342462154,503.6147576392217,340.88531435116556,265.9855039669097,401.6283851625052,2322.120187129646,680.6639355352955,1178.7836321125371,1353.234526737283,2206.3551494540243,1618.5802451801642,1851.3259598977997,1316.3865694367882,1054.4700951439138,1576.7036320970203,1541.51332854965,1680.9699165659874,1321.6200616712397,1599.6887467203242,1491.9778663731554
13,1954.2783862070164,1779.2411437777057,1574.0775139739414,1798.2961862172415,1887.035457755077,901.6457385540857,1209.5236120764673,1645.9081393449565,1495.4937711297082,1749.342481419959,1771.6343061263483,481.6906313821666,471.07994985233574,0.0,537.4226450924731,481.037583109836,357.10344952554067,212.830463727939,1170.9162229402,1842.6774157532636,1139.7866200978228,1582.8149104154913,2082.1113978780486,1626.1156146999208,1639.7911657950722,1388.988743428553,1180.5865119535451,1381.6106707913386,1658.7717186109433,1596.8825668453073,396.95955612320824,392.9387705621094,465.47024357877586,450.1175061244404,390.59960876345525,351.4419956727324,337.32014828827437,2363.193907364473,450.5015788541312,960.6295508409646,1725.741675801694,2378.1129652492123,1745.659344825425,2002.2458425200512,1467.0749292917144,1229.455039303843,1715.7879925328725,1705.4113249077936,1885.3242298080763,1492.0804698969453,1745.734825588899,1702.5833934464126
14,1872.8810004836973,1784.9394125015579,1617.7288393306114,1810.1402020284943,1863.948536238897,815.5082732064001,1311.9318634024419,1706.6596367988532,1671.829810064052,1731.5033262148036,1791.0570793080954,216.1784174248687,574.4344127357023,537.4226450924731,0.0,472.70149812081695,383.13893443089734,520.8979692229699,1100.9804230280142,1745.8648721278234,1050.3178164127169,1503.0155350586858,2099.1739212474886,1675.8233407805449,1652.0911504341452,1414.502203423728,1109.39944438438,1435.9117651780643,1809.0355810787196,1666.8620281125563,352.80669634089037,442.98084798946337,431.4842074629447,465.8351611951397,358.2641193566874,412.2150858835361,415.8773483031518,2354.0935780535315,597.3819547178507,1208.3776821402028,1572.322095363464,2463.6561935943273,1837.5117240612965,2064.881469864593,1417.230953823213,1165.4760406835617,1758.348810114884,1683.1932987312364,2068.0747192776516,1654.3212835694178,1875.9807806094275,1781.589535825609
15,2045.694336629783,1725.320969206914,1533.2671958776996,1748.545587861413,1787.3156264788242,818.5571061456556,1107.9572634987398,1663.215109285465,1602.3591025065296,1647.6153359019704,1707.2375861460525,489.81177007763404,592.958131650583,481.037583109836,472.70149812081695,0.0,643.7346253008714,451.3221557254021,1345.6433136238459,1988.4648913804253,1314.7184418880697,1732.4650631611976,2241.5493484313993,1773.3683459040876,1797.8723377381361,1589.6122856767515,1232.7634054989617,1468.967314410547,1804.3455465212915,1860.1802481806674,588.9537568944971,457.14820223396623,516.0531546633407,623.1174794338854,442.0492286044807,535.9346526180076,542.7916495414919,2575.9952128164246,489.11762572577766,1299.1643551314592,1776.7568944506093,2445.766485970942,1867.0347203298863,2067.712380952264,1501.695175455415,1335.4062501820283,1820.545625341219,1785.0477622183257,2110.392334570356,1743.506900777017,1919.9969464583096,1827.404761417459
16,1544.6859984086566,1659.114453735962,1441.0913203124505,1613.181825535608,1724.6003472063228,690.0111987552882,1193.9830549125863,1530.3485017035969,1429.6600601104674,1629.0870545576738,1628.478396909579,412.5233907180523,185.22417968287832,357.10344952554067,383.13893443089734,643.7346253008714,0.0,517.0653585406071,1035.843625405168,1688.2722457050263,987.7660034916717,1325.9301934148143,1975.83597597241,1421.7918628051216,1408.4071848359604,1215.2303896942553,1081.3486728537346,1420.0231930862187,1753.8795144890164,1691.3243142098024,574.5969423548615,623.0183406399104,376.71654257021083,545.3155000973351,360.5647018339357,266.78902046800664,398.3095352670171,2321.7843525620174,727.5073846139534,1101.540835749608,1510.624231188744,2357.901842894373,1796.2988051241023,1953.9393325587469,1422.1977765979395,1217.9561074305334,1668.5525385228616,1574.5837053874397,1837.1494700047976,1532.906257940213,1692.900291957243,1606.6050682462317
17,1935.6668602958405,1720.6475376351698,1511.2474097425277,1840.903450304869,1860.7522704307112,798.2456857066726,1110.04787730392,1481.87055512337,1491.1187607796307,1677.800730618368,1724.012379380777,539.5277564597169,382.18216098672974,212.830463727939,520.8979692229699,451.3221557254021,517.0653585406071,0.0,1315.8867353111689,2011.7073646893728,1269.4373840807648,1711.4631647514857,2213.61942139379,1758.304652345574,1742.7272786479816,1550.7503983955123,1296.6395289858738,1434.6201629358131,1781.22691459955,1766.260688774554,531.7913815120264,545.7280189121901,502.35704243448953,560.6501109020819,482.7401036208888,533.5889436821344,417.60336583400283,2544.804974638139,486.56331610608555,1168.6464929532997,1907.6717548630347,2408.4236514303548,1806.5342981619538,1999.149893031834,1538.9254257261143,1274.3583103273058,1729.0614333894273,1711.0645735729217,2010.074296626235,1593.1628580681356,1861.2891170803762,1790.0925893458766
18,1017.7688193469146,1790.967427644962,1704.0075082010158,1869.5933235593027,1948.2278940888993,562.5829903338713,1280.9906346241478,1182.2974218424056,1334.060943300825,1848.107916956196,2061.9338978374317,1096.225241020369,1001.198893457379,1170.9162229402,1100.9804230280142,1345.6433136238459,1035.843625405168,1315.8867353111689,0.0,882.6202054356716,220.65464196071815,622.1139413020733,1422.756489784426,1142.996986570038,843.5036070451075,528.7551667569769,823.8748160614113,1395.0096102836364,1502.192550405333,1681.752898377097,1411.4643076819414,1315.5305156500808,1283.104939298219,1487.522826822633,1271.1045367658548,1167.3101475221995,1350.318224959908,2178.5946999283133,1354.2131919069368,1495.039013378963,886.718972996052,1975.025082485635,1424.1314355751588,1645.0553061549156,1082.5848734848244,992.996374897757,1264.3115156817478,1021.880647447885,1614.9073045474997,1405.6926870637046,1357.7018211762124,1312.738209825856
19,981.9780787831509,1783.7731635540981,1834.9776655510527,1926.30020115892,1873.019589801066,1049.4102395957718,1586.2139836205172,1554.6211206307069,1570.4876637273594,1841.2975821206667,2133.442988731525,1725.546211634732,1523.8954149238757,1842.6774157532636,1745.8648721278234,1988.4648913804253,1688.2722457050263,2011.7073646893728,882.6202054356716,0.0,713.7756238795495,349.29403736566337,1006.0444906139294,1232.711986333366,721.5608448770746,895.8030355789583,935.3791665182613,1535.2531314838864,1754.2802319111252,1674.04034567579,1695.943941075054,1748.7241417534326,1589.338453721417,1784.9676113161493,1532.8888811766774,1510.6548455694706,1606.3942403110711,2684.935845253305,1572.0037172095126,1796.2222973845128,469.09408736398154,1984.7757596368515,1626.234392257702,1729.3836988520707,1319.8499036233259,1212.5387485487129,1557.4586791088695,1449.7218642773287,1805.226086344684,1672.712394672461,1389.775935254914,1345.9088366938715
20,963.054161028386,1629.2194979054939,1663.21703257999,1834.447094448135,1855.5129010448265,631.9806424969266,1321.483424497734,1143.4385949226405,1380.8030969336212,1716.7131526741034,2008.6929011881782,1050.5586520768838,979.3474567094776,1139.7866200978228,1050.3178164127169,1314.7184418880697,987.7660034916717,1269.4373840807648,220.65464196071815,713.7756238795495,0.0,788.3746565948519,1584.973465802339,1207.6717659514793,1103.4011852549768,556.4756727296505,982.9907810486006,1527.7115832938625,1586.0996464492753,1702.0921976898114,1296.3227652023324,1269.6638376901806,1220.9294429828876,1383.1878356882885,1157.574694823707,1079.3804718677793,1238.4239093133162,2174.411434178226,1288.5751654885728,1328.862364703583,931.8027267087655,2214.0453775704163,1515.508635551051,1845.187969740859,1242.9151933714124,1128.721012634809,1332.579758150978,1120.3580097998922,1756.2583017249567,1539.713764165867,1510.6163805745807,1519.0387144123597
21,935.0542982441171,1781.5539091003363,1668.1390602596293,1825.0237487461968,1846.474588090096,881.8027880894485,1404.3843654505936,1503.9571007345567,1653.2217271276031,1874.5422023878411,2035.8358907519432,1428.7224252232188,1212.8957611141254,1582.8149104154913,1503.0155350586858,1732.4650631611976,1325.9301934148143,1711.4631647514857,622.1139413020733,349.29403736566337,788.3746565948519,0.0,1351.820594108899,1357.543613210149,378.9532955190983,927.3761309232794,1293.5428197053966,1794.9274577949222,1740.4099992207466,2154.5160786212814,1898.983747365216,1814.5905559452212,1761.5998377732158,2033.0042265266466,1677.4347373103687,1620.648400436399,1833.779194144403,2960.1443879224685,1760.5819860644085,1907.4946856707472,885.428827003705,2190.075401034247,1956.7309505249364,1756.1011931248354,1461.8873072886995,1468.8092567468932,1607.65403156163,1497.7141264196027,1703.0329646349185,1588.3207056919825,1447.942036762095,1366.6924236870277
22,1413.813632256029,2272.240020214066,2043.5624929409369,2139.0164870899384,2099.145168368832,1446.6201684847367,1793.0654161440732,1634.6095212951298,1816.3415606335905,2161.7856982645794,2287.4096699278157,2054.640929587133,1846.2555128403822,2082.1113978780486,2099.1739212474886,2241.5493484313993,1975.83597597241,2213.61942139379,1422.756489784426,1006.0444906139294,1584.973465802339,1351.820594108899,0.0,912.9329593508469,649.051079680118,705.9280720829533,945.6092237578981,1304.7408474499325,1261.7258133373534,1365.132047401898,1528.986301001584,1585.7297177747957,1401.8627605061668,1610.8504922876139,1432.8456124598279,1401.0742863065584,1463.3664467257952,2291.044457236737,1263.125646991907,1652.9851441555268,474.2464614664928,1750.3068402985514,1441.0794708384403,1406.5447145660546,1121.7624359600895,1054.6231784210577,1291.1036865293142,1284.84693211131,1319.0245576564803,1234.4300579158028,1120.5113118286117,1079.6947690895843
23,1502.5225339622698,2056.0034099668133,1677.838757044817,2086.013725103505,2026.8760420946599,1097.822634713936,1241.10549798402,1152.9344575245145,1580.3711260068324,2021.8670546006524,2069.1924105047424,1678.8643071329468,1370.312801982698,1626.1156146999208,1675.8233407805449,1773.3683459040876,1421.7918628051216,1758.304652345574,1142.996986570038,1232.711986333366,1207.6717659514793,1357.543613210149,912.9329593508469,0.0,1036.3098127120627,534.4687566558722,932.0616630361399,1155.2706124211122,1200.6827493336705,1660.8596522171938,1574.6343466480903,1504.5059321704684,1477.758167289336,1590.8303421987073,1407.287719723614,1225.6888387821245,1528.4801856248357,2329.9765440715696,1291.3896493796442,1472.9155243165512,1017.9916135732934,1932.7900534813336,1524.273028008014,1550.5886233006133,1154.397246898704,1207.517092046821,1102.4924321443568,1080.7727210958121,1241.7774444286545,1350.2628747088072,1109.8609277977334,1183.0549018769705
24,985.9710649361697,1971.8399426579454,1812.3175306129272,1860.1101597071931,1855.3880377178841,1031.9065962425213,1523.6385710125578,1611.5380166502937,1504.9043758111588,1980.8527878866807,2069.309519475368,1539.668298452618,1310.012104619544,1639.7911657950722,1652.0911504341452,1797.8723377381361,1408.4071848359604,1742.7272786479816,843.5036070451075,721.5608448770746,1103.4011852549768,378.9532955190983,649.051079680118,1036.3098127120627,0.0,995.4722676985118,1353.0199353162357,1813.3649279730687,1818.8054122043075,2119.287664424433,1984.642159182001,1793.3058770130326,1797.8317614987516,2055.4349823657726,1734.6246553120118,1659.5592463337919,1893.8608518107765,2868.6522030439987,1729.4701183303857,1990.7992113070816,1236.72651173562,2170.837151809006,1940.711458172504,1789.941721772861,1457.1809439051326,1505.5556293336322,1623.7485391393718,1498.6435492058383,1698.525887353889,1711.544895047983,1310.5251310366107,1260.6612273325893
25,869.1898463187217,1868.0252897838152,1871.7684157029034,1899.5069382003967,1989.4581995684896,902.0521402040672,1256.0597366699103,1070.9941899301643,1153.210691677441,1978.9587272038561,2066.1315998725418,1362.3710020755993,1225.5329967552016,1388.988743428553,1414.502203423728,1589.6122856767515,1215.2303896942553,1550.7503983955123,528.7551667569769,895.8030355789583,556.4756727296505,927.3761309232794,705.9280720829533,534.4687566558722,995.4722676985118,0.0,1065.9640059210622,1574.7067151707006,1427.3052037246835,1624.8119363256199,1587.2430297909825,1614.8229218124768,1477.1799522928134,1653.8233652820186,1451.2918099296417,1356.8400477565867,1520.3506169045165,2216.1803351268186,1512.8954685195852,1676.800325326513,991.4766884935705,2158.4006389087326,1789.2258297487062,1777.0294983548508,1384.9487396893835,1292.9627193274766,1296.788164065724,1278.076870938507,1696.3979165380945,1445.9374353041678,1375.6181921235088,1426.5166658354726
26,1512.7310849296111,1815.2945907060305,1621.7077287903915,1925.9771636025146,1736.5694612459822,157.14057533819687,1251.623414876306,1459.6399534452153,1375.6495840510474,1699.4673219065944,1834.0282643968428,1147.3014253423523,1021.1242023458692,1180.5865119535451,1109.39944438438,1232.7634054989617,1081.3486728537346,1296.6395289858738,823.8748160614113,935.3791665182613,982.9907810486006,1293.5428197053966,945.6092237578981,932.0616630361399,1353.0199353162357,1065.9640059210622,0.0,1051.8471775873215,1445.9272148701264,1526.4150550693093,915.9965035403036,983.8250288902805,867.0537257327993,937.5767606453674,796.432493268508,751.8631466018811,898.6080856550461,2101.6585097636507,805.494787680942,1302.4625295799756,974.001153580815,1724.4413471696978,1050.065934988192,1434.960126079183,938.4703228769861,799.6752967594966,1050.1177256153333,1043.8920455034074,1361.5624353208657,1215.4503974767501,1210.0599890405724,1192.902868282535
27,2117.2926829699186,1893.188722326203,1771.169770230069,2205.9306717287054,1992.6664212393136,1137.8519546382274,463.68872982022356,1346.4670287944432,1832.5919349214553,2086.0365231007413,2147.9139142375843,1383.9164257598677,1249.51511302362,1381.6106707913386,1435.9117651780643,1468.967314410547,1420.0231930862187,1434.6201629358131,1395.0096102836364,1535.2531314838864,1527.7115832938625,1794.9274577949222,1304.7408474499325,1155.2706124211122,1813.3649279730687,1574.7067151707006,1051.8471775873215,0.0,978.7092288914218,1595.0556883215697,1066.9289668017418,1027.5615450995786,922.4417213763106,1072.9492128063114,904.9124654080756,860.6177866076653,983.307397237735,2239.709449715157,792.0866377644281,1329.9618752498411,1352.4658840608338,1666.7638708295456,1423.7496607834032,1246.8053758967592,1042.2867227030247,1117.7922202913558,1326.145897110806,1332.636995933248,1359.6646098853316,1085.1787161309855,1249.7609013845504,1180.654972900519
28,1962.708275775518,2281.0280522010803,2062.373578470518,2436.509012803884,2409.764395160473,1567.2961577161298,989.0894166685237,535.5072985407394,1759.166470427827,2411.1038353112212,2408.318732382158,1801.2289122907168,1614.272951583021,1658.7717186109433,1809.0355810787196,1804.3455465212915,1753.8795144890164,1781.22691459955,1502.192550405333,1754.2802319111252,1586.0996464492753,1740.4099992207466,1261.7258133373534,1200.6827493336705,1818.8054122043075,1427.3052037246835,1445.9272148701264,978.7092288914218,0.0,1643.7039821937,1397.4752368146012,1296.5589051247134,1259.4322120574834,1471.1110065649416,1224.4145070976847,1194.4098566572125,1295.528720899603,2338.5769504187397,1172.4190733546675,1213.6402798187878,1416.3518577150344,2015.5355570288057,1719.8462078169005,1460.2320153855642,1404.8721578866407,1360.172728932712,1546.5353184030253,1497.1354431491936,1499.8809860115832,1290.9673248848485,1383.31062561607,1244.6100279843126
29,1916.2571666757326,2072.517592388411,1702.273712360329,2166.5621960235494,2025.5063401220352,1470.7709509194897,1668.5570427663013,1860.7736761795802,949.0123012725664,1966.0021399027585,2135.4071697384434,1690.5578449842276,1574.8608407595884,1596.8825668453073,1666.8620281125563,1860.1802481806674,1691.3243142098024,1766.260688774554,1681.752898377097,1674.04034567579,1702.0921976898114,2154.5160786212814,1365.132047401898,1660.8596522171938,2119.287664424433,1624.8119363256199,1526.4150550693093,1595.0556883215697,1643.7039821937,0.0,1180.4548796510032,1254.8184469960881,1121.7879537857154,1223.7126849553938,1098.5813120077607,1095.2474064546002,1069.5677944127904,2243.57891427105,1095.8173801254584,1436.571911655552,1151.3660003448128,1669.4937418509217,1262.1645406627388,1339.2726575707707,1076.441863304003,880.3917463838989,1423.0417603402057,1447.7203684134547,1538.445479837641,1216.2434268063323,1315.9919450650416,1388.9567821030646
30,1943.6349935660255,1871.9072627696312,1619.2443958727665,1947.0147349248612,1964.3273215996114,1015.2926304198008,1311.5704382493757,1800.305979777094,1779.0738574356483,1762.4550742168308,1871.2019969968806,438.5335581616255,595.1567538860246,396.95955612320824,352.80669634089037,588.9537568944971,574.5969423548615,531.7913815120264,1411.4643076819414,1695.943941075054,1296.3227652023324,1898.983747365216,1528.986301001584,1574.6343466480903,1984.642159182001,1587.2430297909825,915.9965035403036,1066.9289668017418,1397.4752368146012,1180.4548796510032,0.0,448.9968905754132,367.30239597161864,424.256073614146,232.23413438746104,364.295817799809,220.48120840700034,2485.740129848794,563.6424201582784,1123.2723678862988,1746.9154743500865,2639.9377237116087,2007.0119982867113,2158.9630988588888,1642.931292101243,1372.087049019154,1925.9606850850296,1870.6023864087117,2188.3665464718338,1747.102898281076,2026.5681369084523,1962.3710298920885
31,2072.3259039034283,1892.5784740874183,1577.7386531985296,1906.9042114562592,1978.5091046268487,973.6484724805684,1292.1227918407606,1801.1954921633303,1772.1616127745053,1827.4038796942039,1847.4573427885018,389.03404886642704,589.1622702226549,392.9387705621094,442.98084798946337,457.14820223396623,623.0183406399104,545.7280189121901,1315.5305156500808,1748.7241417534326,1269.6638376901806,1814.5905559452212,1585.7297177747957,1504.5059321704684,1793.3058770130326,1614.8229218124768,983.8250288902805,1027.5615450995786,1296.5589051247134,1254.8184469960881,448.9968905754132,0.0,406.72159979904137,536.9712612997455,346.6476853123846,323.5809102413453,347.3959865549489,2498.719805387947,553.0841325471059,1121.721010373873,1702.3910257723242,2517.8760216080755,1958.892313097017,2029.1313717672779,1527.0448944331495,1342.1219296890454,1834.7016158042134,1791.9095600156043,1984.0897374106728,1603.3107676433222,1840.5231833756466,1755.973155488436
32,1783.5613200701025,1832.2921072130532,1524.769055166215,1830.945749952604,1857.931447081023,831.3545889780956,1255.4188312253186,1693.865746601004,1657.5518540862997,1699.8332600110834,1774.1761621118055,365.8636758701083,321.8654342462154,465.47024357877586,431.4842074629447,516.0531546633407,376.71654257021083,502.35704243448953,1283.104939298219,1589.338453721417,1220.9294429828876,1761.5998377732158,1401.8627605061668,1477.758167289336,1797.8317614987516,1477.1799522928134,867.0537257327993,922.4417213763106,1259.4322120574834,1121.7879537857154,367.30239597161864,406.72159979904137,0.0,392.39798707761685,156.53363446202235,281.78111478992105,187.6076853771763,2465.4440845196837,623.1078831228654,1194.6424002521626,1646.2444741185584,2472.7162838689574,1880.4242589932733,2054.23953323533,1550.2232682281506,1309.2913375097905,1873.9442015420252,1850.7429840281022,2018.0289437582849,1600.1296665996535,1915.021658090403,1793.4359417462413
33,1960.3604706158999,1911.486928925773,1663.8669323392696,1974.2891880844736,1933.2989342750245,915.0270156022458,1339.1490764489276,1847.78490737658,1776.354539619429,1839.9626255254975,1900.8600996438684,496.0201722539734,503.6147576392217,450.1175061244404,465.8351611951397,623.1174794338854,545.3155000973351,560.6501109020819,1487.522826822633,1784.9676113161493,1383.1878356882885,2033.0042265266466,1610.8504922876139,1590.8303421987073,2055.4349823657726,1653.8233652820186,937.5767606453674,1072.9492128063114,1471.1110065649416,1223.7126849553938,424.256073614146,536.9712612997455,392.39798707761685,0.0,158.54173453620683,240.4295064642966,69.73354586992521,2468.6420624914326,576.3888903744775,1213.3222698636262,1784.5486822413518,2557.677771876709,1911.582801905385,2138.7259286744256,1599.583657497926,1257.5703066371757,1890.6495476501755,1823.3160587728148,2164.759963653811,1700.6155198705992,1995.3791720499735,1945.961941926194
34,1720.1534337133705,1687.3924593889487,1463.8602916034024,1682.950728623269,1739.6686018106993,827.7170759706514,1223.565598046341,1621.027177101277,1579.2240686640046,1594.6570561498077,1642.7149947571158,330.24108904716775,340.88531435116556,390.59960876345525,358.2641193566874,442.0492286044807,360.5647018339357,482.7401036208888,1271.1045367658548,1532.8888811766774,1157.574694823707,1677.4347373103687,1432.8456124598279,1407.287719723614,1734.6246553120118,1451.2918099296417,796.432493268508,904.9124654080756,1224.4145070976847,1098.5813120077607,232.23413438746104,346.6476853123846,156.53363446202235,158.54173453620683,0.0,300.9074812845023,244.75394361535913,2522.707059427825,710.982260931787,1290.864356774219,1747.4297175651966,2631.285978422592,2004.9205209376296,2152.487217723077,1740.1052708826992,1390.9285913875942,1994.14746788785,1894.5957399675667,2214.7964068842552,1734.5102020880604,2058.9816297640123,1987.1727466920654
35,1668.4962912998865,1707.750986311967,1368.4661355811083,1679.9636240419404,1698.2234454856527,786.8837698129332,1164.1896614424197,1555.742525564833,1534.931374391858,1617.1489364206634,1611.2359608306158,382.27480447118285,265.9855039669097,351.4419956727324,412.2150858835361,535.9346526180076,266.78902046800664,533.5889436821344,1167.3101475221995,1510.6548455694706,1079.3804718677793,1620.648400436399,1401.0742863065584,1225.6888387821245,1659.5592463337919,1356.8400477565867,751.8631466018811,860.6177866076653,1194.4098566572125,1095.2474064546002,364.295817799809,323.5809102413453,281.78111478992105,240.4295064642966,300.9074812845023,0.0,272.901247809922,2427.6720052963437,739.8801413808715,1272.722574482379,1704.1541083326222,2547.807868314943,1967.5695076319605,2075.866321719993,1589.2116454165389,1350.4964829076644,1819.5402244703914,1794.2896539130536,2042.2644813959048,1645.8363508820137,1875.617182814932,1808.8095535344596
36,1753.772977392565,1827.2500530177,1547.1774514597575,1861.010445457016,1843.415895692704,903.1985785603089,1306.6516816982848,1734.136978454539,1668.161474275251,1714.4225231612877,1794.9604675862633,372.2703118872576,401.6283851625052,337.32014828827437,415.8773483031518,542.7916495414919,398.3095352670171,417.60336583400283,1350.318224959908,1606.3942403110711,1238.4239093133162,1833.779194144403,1463.3664467257952,1528.4801856248357,1893.8608518107765,1520.3506169045165,898.6080856550461,983.307397237735,1295.528720899603,1069.5677944127904,220.48120840700034,347.3959865549489,187.6076853771763,69.73354586992521,244.75394361535913,272.901247809922,0.0,2519.8250783337335,665.4544924804509,1285.2276129058964,1837.464517138505,2677.7211017240825,2004.742549659769,2198.72471435113,1689.3693957928347,1371.9690574619676,2000.3308924028404,1937.1745102212137,2259.709260135255,1765.00908605641,2085.34568128603,1994.8139494947125
37,2758.929424042752,3073.738049678458,2932.9091182392713,3068.1294832771446,3062.768196083741,2217.2288872156137,2484.186484831851,2524.1615926749782,2541.576163878603,3009.33865539695,3109.8376956418324,2336.293805538336,2322.120187129646,2363.193907364473,2354.0935780535315,2575.9952128164246,2321.7843525620174,2544.804974638139,2178.5946999283133,2684.935845253305,2174.411434178226,2960.1443879224685,2291.044457236737,2329.9765440715696,2868.6522030439987,2216.1803351268186,2101.6585097636507,2239.709449715157,2338.5769504187397,2243.57891427105,2485.740129848794,2498.719805387947,2465.4440845196837,2468.6420624914326,2522.707059427825,2427.6720052963437,2519.8250783337335,0.0,1981.0015751241613,1978.3073377444691,2391.718452068595,2976.299328632955,2440.3324347552475,2403.270621419585,2336.9111522928283,2125.6429310443186,2409.3000274216097,2414.1505529944156,2393.2005173929706,2034.602771638463,2204.5332791912697,2167.43996502158
38,2040.2864451518378,1543.4625489312114,1407.2251169511485,1682.537909332953,1699.1769757440054,803.8140791187395,1035.9469728269569,1562.2278665165445,1562.389665210603,1540.013675186696,1592.318083422791,548.0371417219221,680.6639355352955,450.5015788541312,597.3819547178507,489.11762572577766,727.5073846139534,486.56331610608555,1354.2131919069368,1572.0037172095126,1288.5751654885728,1760.5819860644085,1263.125646991907,1291.3896493796442,1729.4701183303857,1512.8954685195852,805.494787680942,792.0866377644281,1172.4190733546675,1095.8173801254584,563.6424201582784,553.0841325471059,623.1078831228654,576.3888903744775,710.982260931787,739.8801413808715,665.4544924804509,1981.0015751241613,0.0,1286.569959689054,1754.5806959599768,2277.7851534176366,1762.0430798211792,1943.2306231963657,1408.6805602541606,1308.5438199692367,1727.2319708521154,1660.8020804913192,1931.848585720168,1532.2892756492636,1756.8050246170637,1598.8188077854468
39,2073.0988745053382,2120.4622844763953,1957.1553423967282,2198.537517834092,2294.769150089123,1429.4450414686946,1478.5863870741152,1478.8025659362563,1813.6047486642512,2053.727388743988,2176.8734341661366,1233.5679949319508,1178.7836321125371,960.6295508409646,1208.3776821402028,1299.1643551314592,1101.540835749608,1168.6464929532997,1495.039013378963,1796.2222973845128,1328.862364703583,1907.4946856707472,1652.9851441555268,1472.9155243165512,1990.7992113070816,1676.800325326513,1302.4625295799756,1329.9618752498411,1213.6402798187878,1436.571911655552,1123.2723678862988,1121.721010373873,1194.6424002521626,1213.3222698636262,1290.864356774219,1272.722574482379,1285.2276129058964,1978.3073377444691,1286.569959689054,0.0,1822.1705475014512,2383.0751641018546,1855.6397197400177,2123.800669018622,1753.9377486886037,1605.7577296925479,2041.9517440787579,1876.1685795862186,1858.936888801569,1542.9052708339614,1922.1883567207944,1711.4855831730401
40,863.4825267038868,1794.1413015004623,1853.7603244558463,1858.9735176367876,1769.2064399018236,1104.2234537028633,1625.2613248444084,1513.3524868719842,1579.0097084504002,1658.0457055095897,2038.65193422639,1596.041797346387,1353.234526737283,1725.741675801694,1572.322095363464,1776.7568944506093,1510.624231188744,1907.6717548630347,886.718972996052,469.09408736398154,931.8027267087655,885.428827003705,474.2464614664928,1017.9916135732934,1236.72651173562,991.4766884935705,974.001153580815,1352.4658840608338,1416.3518577150344,1151.3660003448128,1746.9154743500865,1702.3910257723242,1646.2444741185584,1784.5486822413518,1747.4297175651966,1704.1541083326222,1837.464517138505,2391.718452068595,1754.5806959599768,1822.1705475014512,0.0,2412.501074145651,1898.7805739929393,2070.6345104199504,1551.680288623017,1414.5466072621348,1814.7513968567641,1703.8860611793614,2155.512039218164,1978.3643767078934,1925.5015034159826,1870.5434511634733
