,0,1,2,3,4,5,6,7,8,9,10,11,12,13,14,15,16,17,18,19,20,21,22,23,24,25,26,27,28,29,30,31,32,33,34,35,36,37,38,39,40,41,42,43,44,45,46,47,48,49,50,51
0,0.0,1744.5862025013198,1899.800293773174,1574.3431412097234,1603.2036778204033,1042.4951859271569,1338.1627967409697,1185.1598487528581,1263.0547403877258,1663.178638457907,1789.4768622811293,1126.6098519907146,1056.4019403767477,1287.3473972840986,1105.407045915317,1270.4467428645046,941.7798554492562,1290.0948193447741,736.3403633154289,681.2317022806197,684.4050956244932,677.2306428466051,842.3278182050428,897.2800644337234,689.9225399989589,573.313190580828,967.3286497642795,1369.080283263451,1170.1197160571237,1275.8345254177616,1248.950447935793,1280.8023036621603,1139.796268054454,1310.8248350510087,1103.037440921223,1025.4823282761904,1178.0026455215727,1805.603258823885,1321.305451478106,1305.8674789049433,593.8190955924979,1773.6467140607942,1530.1301657195759,1538.8529303172081,1133.0040207345755,1029.5641853437805,1269.8630312273415,1228.4167822926272,1476.4152427567449,1322.5496970982197,1146.4512144450382,1164.433631326344
1,1744.5862025013198,0.0,490.90699273725045,143.63370867995494,202.04991621589886,1299.9602938444364,1399.6918586902252,1717.8897205926655,1652.4522007405208,275.8721473895484,194.49896850954036,1233.0218378312047,1225.1993652430633,1181.0722761552604,1190.5298274088257,1187.1279762423615,1151.105579442169,1220.5004148129115,1373.3036273133378,1277.7702357840158,1259.4895601510136,1296.4544467698784,1552.7266953706226,1490.5136154934628,1433.7965946766392,1470.2978646048887,1307.5349215689691,1404.9272163418211,1707.7643143138632,1566.2820336097425,1369.3200698787018,1289.268813217217,1346.5674375165108,1390.3886305592696,1290.6701713956286,1256.349687602786,1401.1582338991948,2123.0243961879582,1164.8053712301719,1471.112122737452,1271.817441805614,1213.2123501632864,1296.7455118786982,936.1912598294233,1338.3148292567248,1423.9965741539904,1482.459400588348,1436.082517156244,1637.1619745862101,1753.4467724529284,1272.3174456122108,1371.312084519564
2,1899.800293773174,490.90699273725045,0.0,258.0157194982442,186.64120916628076,1202.5828839618164,1331.9340976913654,1745.4469846538182,1506.8112135275346,297.7796811663973,173.653894225953,1185.3180717614207,1209.3621810990182,1172.6781192633302,1211.1087858551139,1143.2529969247455,1133.2346358441027,1160.2855527182287,1333.6443165367377,1372.7980074800157,1277.8653874430775,1296.1957227955313,1534.6025041992712,1360.63844513277,1444.2234131950847,1537.437456927948,1290.2502829939494,1434.5455603741293,1702.6698689706657,1355.9026445917068,1291.785609896504,1243.0251948881423,1252.6809390401713,1327.1620909615608,1211.6529494494919,1145.7584044764,1289.3535929194477,2126.7621667943195,1085.8012286194612,1484.2590753849825,1383.7382291539386,1106.544597950158,1158.7923170431384,736.187989072096,1312.340489135258,1266.236799073393,1378.0529414096238,1361.2219897584127,1442.6346489996085,1510.4918162992108,1199.851764514775,1193.6018777977201
3,1574.3431412097234,143.63370867995494,258.0157194982442,0.0,168.27722482777128,1265.9903570221543,1450.4001359733045,1758.1054132958634,1572.1797013613116,188.33411033982895,195.63780517824577,1196.6586729077756,1160.5397563378792,1133.5203739780195,1157.1718522723513,1109.6937073498327,1104.2527435364389,1247.2489260717182,1391.8463643069435,1322.2630408492323,1314.3789860704128,1316.9608954454466,1446.642063321007,1466.6144893566166,1369.3563870152068,1478.5088321558205,1356.5610350667307,1472.8614892029207,1726.6557976720746,1496.8629828062446,1322.3744341201054,1223.1808061463237,1284.9094250207277,1357.6249688803823,1228.0652437975311,1209.6628009163476,1335.2460400541272,2061.9704683468985,1093.7992841708508,1449.7657181336501,1204.9139077070085,1192.4123907681949,1243.9309596479106,889.9954973599049,1300.0720968846667,1350.026070474446,1510.9572435075936,1482.7700044057556,1641.191045364218,1677.2274615774268,1284.355025620875,1320.908532081032
4,1603.2036778204033,202.04991621589886,186.64120916628076,168.27722482777128,0.0,1338.8459130126632,1509.7071422029444,1842.5132733384933,1578.912367038763,152.97164750452032,134.9111206053864,1268.5997893830706,1325.3015598632694,1253.1592139798977,1217.9669363910207,1193.2030521398272,1217.5309753729468,1266.2052309427584,1446.958528428937,1395.1838177866875,1353.595620658858,1402.7410772964229,1495.338559144783,1524.5090822090267,1478.4786009328395,1539.025021467125,1336.113805713999,1460.3792643915683,1824.1671324724045,1486.926931829759,1363.8996162790027,1353.6555018832319,1356.0213437544037,1394.5944797025252,1288.7164562653093,1260.2120672332774,1374.3992026360045,2114.97045857195,1170.607616018995,1568.4565607082316,1245.1241209860796,1207.4809395454195,1201.574789148428,887.6471377625701,1381.401895139463,1333.2438630673366,1509.9191092874885,1464.5896947884385,1671.9042592036303,1749.3644990965863,1351.3395736339096,1423.6098330601194
5,1042.4951859271569,1299.9602938444364,1202.5828839618164,1265.9903570221543,1338.8459130126632,0.0,832.763623283631,1099.9214656076538,1068.409964854066,1194.4085545889334,1144.8348491253505,473.3084506715271,426.5296816198035,514.2631381278554,448.4570760844195,445.5232342377699,375.78018141613734,465.56613645777566,334.82812894406874,702.968704487063,395.7708843000539,537.9204116694127,833.5463695537163,791.4391978233267,688.9196693724708,614.7714406269638,104.1049504166481,787.1722958485896,1148.8586920352952,1002.3111516966839,615.7541075460584,569.2423585371457,529.0412765642152,575.3035500479311,498.8651592577664,486.64391088941244,588.4980494931095,1400.338553073921,493.66057938654643,931.0119047953672,707.3690647820184,1261.8753069935703,815.0385883530266,1118.927272895207,477.97498534208916,444.6923045983155,659.8553658618843,726.9797098163572,912.5083491945152,867.7127351952395,974.5819253764869,936.5030255521827
6,1338.1627967409697,1399.6918586902252,1331.9340976913654,1450.4001359733045,1509.7071422029444,832.763623283631,0.0,783.8605090955883,1131.0381777998118,1478.283301832722,1334.9501284290304,900.1464850823154,824.1793449057697,767.123884293002,853.8807737271757,701.3257761852722,819.6015316661287,698.6555988874579,819.5011412914747,988.7373520348223,831.8107894502667,892.4026957860725,1108.0873303159901,852.7926317297286,996.3004866264729,876.0057468562233,861.8182923441522,243.1960011862453,691.5439822801143,1075.6704815365588,883.615760188908,851.5748130858909,924.9404698583153,939.0137574378762,874.186070309544,841.7197759162633,949.9215207096163,1500.2984490785027,674.9104786073152,948.5879128373733,1033.7286768354595,1360.0387017014732,1136.70952127381,1114.603212422879,721.8607359889239,852.9949790903963,1011.1972631905534,1129.4406588918878,1055.5942395316554,1046.5443426967902,1025.519692319655,990.9380071049433
7,1185.1598487528581,1717.8897205926655,1745.4469846538182,1758.1054132958634,1842.5132733384933,1099.9214656076538,783.8605090955883,0.0,1094.0627254659614,1724.7943320341742,1595.6915511106179,1315.094225207878,1176.8531779335426,1272.1964910599886,1293.6268794656396,1157.7674174971137,1180.0088680677684,1199.6189746891675,791.2052307592668,952.4383931010583,768.5148894580045,940.3246403797303,971.1719735418174,752.893102281619,1024.010383879632,676.3350753933639,1001.1344350546564,858.6501728349231,243.18861343466003,1253.2482992928137,1408.0536988818567,1357.7640903347788,1347.319456952627,1454.4348862045736,1254.9129187399144,1197.708306311641,1409.984433636235,1647.6588441057152,1264.7438327377838,1178.6316425861419,876.025102706359,1517.4119328210022,1265.882468985371,1187.8341154710233,1012.1828021773224,952.785654252035,1140.1157238762823,1204.2471903584226,1215.5387089909104,1140.3241697010333,1119.5184816638598,1077.415606401547
8,1263.0547403877258,1652.4522007405208,1506.8112135275346,1572.1797013613116,1578.912367038763,1068.409964854066,1131.0381777998118,1094.0627254659614,0.0,1333.021360385622,1269.4166139370552,1105.7980002702984,1053.5954741887333,1008.3391636169398,1094.9007159668045,1080.400538092261,972.7521551248535,1023.7742299939483,869.304945495154,957.6405544712059,935.2501590429752,1036.3403309463527,951.012338375296,911.7393296948886,957.7885899402663,677.920025987634,892.3261720762862,1147.9552709400289,1015.0890958275214,594.03824092912,1246.798967364796,1207.1706655804585,1141.0186787522775,1266.2181501134974,1111.1027519868296,1101.9985464515357,1198.5355994842928,1673.0440394681884,1098.053980791532,1182.7271199240197,926.6117062002227,1356.4456017006762,1150.1224048068186,1152.862063394462,990.106191985711,903.4747207857304,1234.0290165688568,1238.3737927656196,1282.2231379336918,1262.9589355879393,1102.2300069375551,1132.864906006918
9,1663.178638457907,275.8721473895484,297.7796811663973,188.33411033982895,152.97164750452032,1194.4085545889334,1478.283301832722,1724.7943320341742,1333.021360385622,0.0,265.17160243344586,1359.230163080624,1365.1739073447932,1366.6701306253192,1336.6256778859006,1287.8546478350686,1297.381607224481,1387.5150430960455,1502.7202267413013,1450.1709294470638,1425.983341091752,1447.188657918848,1508.9936220474226,1586.9598204847869,1526.7414508485413,1591.6552682489557,1390.9107118234845,1618.5470194718055,1914.1572779768962,1592.1352649948174,1485.528135980501,1426.66802909566,1425.9557633495688,1518.605933502532,1386.6355703123393,1361.6461997411602,1477.4618143567652,2206.552290894938,1271.0609749340579,1624.4184188005472,1256.2887028986365,1327.8199057771285,1239.257250243508,989.1469613749356,1462.2976799668472,1427.7600548419923,1588.786793805657,1575.816724727881,1783.353501818663,1821.125047284795,1422.445579768121,1470.3576502167648
10,1789.4768622811293,194.49896850954036,173.653894225953,195.63780517824577,134.9111206053864,1144.8348491253505,1334.9501284290304,1595.6915511106179,1269.4166139370552,265.17160243344586,0.0,1374.8703275000148,1340.2585053265864,1271.1493622113514,1303.3682532010098,1217.7167762794263,1242.0229162320338,1273.4058901416497,1560.2755471442483,1541.3982524635094,1474.4281487795984,1503.7640516871343,1580.5685728310184,1546.791637563039,1579.375938160979,1624.3611200644318,1382.6814806882896,1530.1030426153898,1846.0243959078284,1583.2875279227908,1417.3530033861325,1359.721549052981,1387.7626676996272,1456.738991410048,1334.0547841841449,1287.4317231261703,1430.1576921604208,2191.2614742628643,1178.266966900197,1583.5106558454013,1412.6715102600656,1205.9638622234586,1213.039430062369,871.4785015149074,1437.840772039248,1419.7168642883723,1530.5393225448295,1515.8020148125006,1709.8812999726733,1754.3240001110362,1356.013251563328,1406.8201044653426
11,1126.6098519907146,1233.0218378312047,1185.3180717614207,1196.6586729077756,1268.5997893830706,473.3084506715271,900.1464850823154,1315.094225207878,1105.7980002702984,1359.230163080624,1374.8703275000148,0.0,230.96670661056734,224.63858747304764,110.66536675738973,260.9447991180139,147.42570838201618,272.23603911266457,681.4207583123484,1065.275768823253,624.0263486668199,848.4135367719231,1262.5833829417502,1090.3033429412799,987.0990311028103,887.4899169607663,662.0595642075248,941.5835692172035,1363.141112494977,1239.112581910574,263.81995258482146,218.3772355496237,192.44354447194095,269.7092868770811,183.73992030176788,183.27439027789617,208.11460150743414,1473.0974458406279,307.0848919100237,824.9041153467622,904.3982397967061,1644.1217173631858,1259.4454265108243,1472.0937781088105,912.72179540845,765.1147292275207,1166.7192082778813,1140.5054443814247,1316.1432390657303,1086.8151811584175,1204.075498511098,1150.0873153147156
12,1056.4019403767477,1225.1993652430633,1209.3621810990182,1160.5397563378792,1325.3015598632694,426.5296816198035,824.1793449057697,1176.8531779335426,1053.5954741887333,1365.1739073447932,1340.2585053265864,230.96670661056734,0.0,255.78243002913416,206.01014049298348,245.17636410114795,95.2792494008924,205.77512100288246,709.7666465639795,966.2163501763825,636.1163030891498,743.5079172798557,1145.9248139489941,1027.6017979539095,879.9204147907042,913.2511860201648,602.5676734686068,835.8889443009282,1218.127734556175,1190.8737493696085,261.7615224452456,259.7673559636029,144.04338968283486,256.6307227965042,135.36733563541293,113.33390393533494,219.08079316519283,1539.880277662953,385.76902084693694,828.4766801941378,786.8486846359025,1596.0052214677926,1162.2866369190017,1390.618872155078,885.3785705397253,717.0514645447702,1087.8804538841587,1123.6860250339228,1181.745192873687,949.80012264066,1203.8708863080199,1091.0057092481873
13,1287.3473972840986,1181.0722761552604,1172.6781192633302,1133.5203739780195,1253.1592139798977,514.2631381278554,767.123884293002,1272.1964910599886,1008.3391636169398,1366.6701306253192,1271.1493622113514,224.63858747304764,255.78243002913416,0.0,253.4088038115843,195.02239537952636,166.70789914718065,128.5818217490461,803.7782013544725,1138.8359795254412,746.3486053343474,914.871845802268,1298.94190267104,1133.3176055962729,1019.8189518714115,985.4860544486853,688.9828018913175,857.1616499045531,1232.0470115050953,1180.4893755857563,208.81884013236976,167.1038537409352,259.1600935605111,286.00392789469066,209.57581787784702,184.2761134491525,201.7250929608619,1518.7086736823026,205.48001936922583,719.2055066199791,990.3939899545403,1602.937087661053,1189.3374652948803,1420.622127621205,926.2901314310693,791.224567830936,1139.5556646328357,1163.2934252878083,1275.7236970840513,1027.3882038782112,1218.8819064525433,1173.6722738457402
14,1105.407045915317,1190.5298274088257,1211.1087858551139,1157.1718522723513,1217.9669363910207,448.4570760844195,853.8807737271757,1293.6268794656396,1094.9007159668045,1336.6256778859006,1303.3682532010098,110.66536675738973,206.01014049298348,253.4088038115843,0.0,238.0561643630463,90.47581082869358,256.62540227509845,694.2601218505397,1058.7403910554503,618.9805553297945,873.4114495443125,1236.4036187432587,1077.3744252166402,1026.1720907508102,888.7201222560983,633.6157180515486,941.8776458677545,1338.0894525285257,1231.6704541715314,189.64336740762494,272.63024873497176,202.51510675098885,208.32765035314222,169.7499131927244,164.46272202015334,198.8339298636008,1451.9776974326778,339.2143360060818,816.1659720512005,874.428799154175,1676.658928803414,1209.5066806326067,1477.7442663916845,900.7929166162257,727.5258814796465,1154.9365002512268,1138.2415919510981,1345.7586705974063,1092.944281831696,1304.0129779395713,1241.0813678197912
15,1270.4467428645046,1187.1279762423615,1143.2529969247455,1109.6937073498327,1193.2030521398272,445.5232342377699,701.3257761852722,1157.7674174971137,1080.400538092261,1287.8546478350686,1217.7167762794263,260.9447991180139,245.17636410114795,195.02239537952636,238.0561643630463,0.0,258.27098726173443,158.40826788849725,870.6376246253004,1252.6013292791558,832.6443856804622,1034.874139360148,1297.4798466829952,1121.4861804473362,1090.2703373931267,1014.7388213281822,704.9784708058047,909.2741907357931,1269.1201454822847,1353.0322740683057,324.31749823744155,252.4820454082652,290.95327151475925,326.9572098101192,257.3139061506322,287.6390959150293,291.2219727400157,1628.286532158389,190.28565964211796,864.2483801098975,1021.047630958853,1649.8585814705905,1253.051228175578,1441.8864840936167,923.2966700511431,830.3369805948654,1164.9535384508936,1183.5037622207105,1359.7230667142949,1120.3457884617492,1304.095388336762,1232.5588182069796
16,941.7798554492562,1151.105579442169,1133.2346358441027,1104.2527435364389,1217.5309753729468,375.78018141613734,819.6015316661287,1180.0088680677684,972.7521551248535,1297.381607224481,1242.0229162320338,147.42570838201618,95.2792494008924,166.70789914718065,90.47581082869358,258.27098726173443,0.0,304.01286610807784,680.9981423217308,1026.6939012092178,618.2709524630781,779.5059775317042,1189.9448618181057,1004.4070071246406,945.7976656423405,882.807541968474,632.4858894708012,950.8893022148907,1292.2919423285598,1247.2418099651254,247.73668309972268,281.19543222019723,180.71012647286986,263.0490365425901,145.51653807641807,136.95394142624775,213.40325487308164,1513.8036225383544,406.7699739186912,775.8924797997083,821.7106279705358,1630.9107150144273,1241.6369882407394,1457.8779812346452,913.0830821753723,790.22698404573,1135.827671647669,1100.689800615964,1262.9842259379618,1073.0218608743971,1242.2737280721867,1175.6892983232974
17,1290.0948193447741,1220.5004148129115,1160.2855527182287,1247.2489260717182,1266.2052309427584,465.56613645777566,698.6555988874579,1199.6189746891675,1023.7742299939483,1387.5150430960455,1273.4058901416497,272.23603911266457,205.77512100288246,128.5818217490461,256.62540227509845,158.40826788849725,304.01286610807784,0.0,930.3909987837543,1271.2489797728108,873.1716428196065,1029.3114375393186,1352.8637320717291,1200.5794100167814,1135.9448385171236,1070.1681237133964,779.4495410314016,877.529695590136,1285.711191665198,1314.0723285007302,258.7723618733267,262.44533554908264,270.57933476284296,299.9707238282608,242.26476697691115,305.4234865240556,240.79514960842945,1646.9833041290055,226.10348175812385,865.1723530452099,1127.387269216375,1650.3440167877773,1271.9340812279174,1379.7593447424974,985.9971543611828,849.8394325945757,1177.0571330080613,1187.8421225381392,1343.156751459854,1058.1951056729342,1274.3554916415017,1214.145029712271
18,736.3403633154289,1373.3036273133378,1333.6443165367377,1391.8463643069435,1446.958528428937,334.82812894406874,819.5011412914747,791.2052307592668,869.304945495154,1502.7202267413013,1560.2755471442483,681.4207583123484,709.7666465639795,803.7782013544725,694.2601218505397,870.6376246253004,680.9981423217308,930.3909987837543,0.0,585.4631722596869,136.80719105000378,368.10758144533145,898.5323906705976,732.8923966918602,578.2967187432514,408.2531574624107,479.7503532846407,915.679094963305,982.7519720518293,1178.5785896814361,936.4083465764309,807.1652085640277,875.8322549369053,1002.8129218374827,838.1564292086537,718.7409654268968,934.7232034479737,1383.0160778423894,895.4458414114536,943.9548167487592,611.050320440101,1361.2274742740015,980.0792188159646,1165.8345650981184,646.3531771109688,592.0313037102561,801.4795543144508,685.8815841345821,997.7130391437587,891.041296291888,874.9582619972815,850.1168227664896
19,681.2317022806197,1277.7702357840158,1372.7980074800157,1322.2630408492323,1395.1838177866875,702.968704487063,988.7373520348223,952.4383931010583,957.6405544712059,1450.1709294470638,1541.3982524635094,1065.275768823253,966.2163501763825,1138.8359795254412,1058.7403910554503,1252.6013292791558,1026.6939012092178,1271.2489797728108,585.4631722596869,0.0,448.1616365397224,228.51888027397212,532.7062178902341,722.3539670851495,460.6079758583804,559.9179560187495,576.7385793181036,943.7774174516406,1013.8246586033824,1075.0866983942865,1062.3501909957884,1057.7202315018574,993.218260253314,1155.4397618234323,951.4363457848665,902.4599442170661,1047.4922441204822,1679.2060133010514,1001.2671342773073,1018.2987568064436,381.98126570477615,1395.5578491094295,1143.6759896378737,1258.3382899674514,831.0335787686869,768.263100193922,1037.7471109506907,997.5200602055135,1138.3650120327966,1098.7248950256057,870.6116065674291,836.8167412842138
20,684.4050956244932,1259.4895601510136,1277.8653874430775,1314.3789860704128,1353.595620658858,395.7708843000539,831.8107894502667,768.5148894580045,935.2501590429752,1425.983341091752,1474.4281487795984,624.0263486668199,636.1163030891498,746.3486053343474,618.9805553297945,832.6443856804622,618.2709524630781,873.1716428196065,136.80719105000378,448.1616365397224,0.0,469.5773666208933,1013.429983743379,732.2111443380069,739.1858060994299,431.0934619226584,543.2239041421858,969.3912535319286,993.5703002880546,1207.4067646239673,854.4848855418677,761.9021241563805,802.3524271494852,942.2592754315244,756.0612518630911,668.3621743564585,841.4691552662698,1380.2535833042448,853.708757926426,794.2382148060508,593.089816301031,1493.2326417760748,1022.0571442268779,1309.5280095278151,781.7930946076409,709.2539156554956,871.9895988618782,761.4002137529185,1109.0323047953457,1010.0993744440237,961.0701881753786,969.371536949643
21,677.2306428466051,1296.4544467698784,1296.1957227955313,1316.9608954454466,1402.7410772964229,537.9204116694127,892.4026957860725,940.3246403797303,1036.3403309463527,1447.188657918848,1503.7640516871343,848.4135367719231,743.5079172798557,914.871845802268,873.4114495443125,1034.874139360148,779.5059775317042,1029.3114375393186,368.10758144533145,228.51888027397212,469.5773666208933,0.0,870.325490326055,882.945297848679,284.3023478900045,676.3224834720955,810.0122869200146,1196.5367263382293,1101.3865497634044,1417.2416324538615,1187.3848752812207,1069.7706014992305,1135.6481641302817,1290.2916960050413,1059.9987309378396,953.0299698547548,1178.5598282303808,1943.2938595855032,1093.9341617004152,1119.6975267133041,647.4185719014453,1522.9384074463896,1329.5874811092829,1283.5356725624706,919.1066508579789,896.541048630162,1041.9357408941094,1026.7776582167328,1113.9811444256172,1029.1862503704376,956.377745797795,897.4309158180129
22,842.3278182050428,1552.7266953706226,1534.6025041992712,1446.642063321007,1495.338559144783,833.5463695537163,1108.0873303159901,971.1719735418174,951.012338375296,1508.9936220474226,1580.5685728310184,1262.5833829417502,1145.9248139489941,1298.94190267104,1236.4036187432587,1297.4798466829952,1189.9448618181057,1352.8637320717291,898.5323906705976,532.7062178902341,1013.429983743379,870.325490326055,0.0,653.8770775826565,453.4168695312054,468.93773661979935,632.5871998570342,880.3449488973683,812.3307388325055,867.1115834854205,999.5668726305707,995.9119565736328,934.255620692561,1097.031892898311,919.4587203523743,889.3523255677708,986.9539150957231,1512.0560480734782,820.906433524946,1093.7966440201214,340.7802303190798,1278.8466401735861,1059.2989088967176,1121.62348063333,719.6316935789517,692.3490478651146,907.809297957745,913.9428800144076,987.0639830886242,908.4544060282733,770.1848896347244,757.4077631857642
23,897.2800644337234,1490.5136154934628,1360.63844513277,1466.6144893566166,1524.5090822090267,791.4391978233267,852.7926317297286,752.893102281619,911.7393296948886,1586.9598204847869,1546.791637563039,1090.3033429412799,1027.6017979539095,1133.3176055962729,1077.3744252166402,1121.4861804473362,1004.4070071246406,1200.5794100167814,732.8923966918602,722.3539670851495,732.2111443380069,882.945297848679,653.8770775826565,0.0,770.8107932060836,335.89069963597245,650.8044230801064,801.2705460400974,853.1126612574981,1111.4246312885325,1058.9262048139044,994.3783961062653,1057.3651053929996,1119.7446200998033,961.3369879839441,835.8426952238601,1092.5952506542724,1545.731361388833,907.0981474043746,1016.8726161013801,626.1754970520002,1404.2461896266418,1066.2823445312213,1164.555519820468,769.36137778576,803.3502203699776,730.9361817725476,778.6099636354691,899.4019142623996,990.0601167530853,791.6772333647981,847.7132854167608
24,689.9225399989589,1433.7965946766392,1444.2234131950847,1369.3563870152068,1478.4786009328395,688.9196693724708,996.3004866264729,1024.010383879632,957.7885899402663,1526.7414508485413,1579.375938160979,987.0990311028103,879.9204147907042,1019.8189518714115,1026.1720907508102,1090.2703373931267,945.7976656423405,1135.9448385171236,578.2967187432514,460.6079758583804,739.1858060994299,284.3023478900045,453.4168695312054,770.8107932060836,0.0,703.1468292013456,882.9225638159825,1219.60899919988,1241.1029341377725,1422.1150279724466,1275.3386164694184,1092.6555423356424,1223.5951530835487,1352.085683540264,1161.0157105887042,1063.080980294094,1256.2089762323933,1945.4647113945757,1133.5838196619818,1270.6741189021352,867.2665525954094,1540.6754953014643,1377.0861407538528,1327.7983555298933,918.1040894524685,946.3865913504252,1114.5260108446394,1053.524105109141,1214.0622956098432,1174.751772700142,882.8782053797672,849.4089034331234
25,573.313190580828,1470.2978646048887,1537.437456927948,1478.5088321558205,1539.025021467125,614.7714406269638,876.0057468562233,676.3350753933639,677.920025987634,1591.6552682489557,1624.3611200644318,887.4899169607663,913.2511860201648,985.4860544486853,888.7201222560983,1014.7388213281822,882.807541968474,1070.1681237133964,408.2531574624107,559.9179560187495,431.0934619226584,676.3224834720955,468.93773661979935,335.89069963597245,703.1468292013456,0.0,669.2705681778808,1073.070441065785,934.4905102049714,1109.2792974218287,1062.242362443762,1019.9733098766612,1013.5625690244005,1156.186170137338,981.6541790810436,906.1403283229497,1071.9600717719004,1486.924211763454,1016.3217615449729,1101.4073691166857,633.1415779984915,1524.7055741634845,1240.2336569936085,1320.3176759946386,902.3254013966209,844.0601924101638,893.7408200371079,903.020623174013,1205.433053525677,1058.0148340900241,946.934414982585,990.0415241352397
26,967.3286497642795,1307.5349215689691,1290.2502829939494,1356.5610350667307,1336.113805713999,104.1049504166481,861.8182923441522,1001.1344350546564,892.3261720762862,1390.9107118234845,1382.6814806882896,662.0595642075248,602.5676734686068,688.9828018913175,633.6157180515486,704.9784708058047,632.4858894708012,779.4495410314016,479.7503532846407,576.7385793181036,543.2239041421858,810.0122869200146,632.5871998570342,650.8044230801064,882.9225638159825,669.2705681778808,0.0,699.9870279550931,1036.5978333640817,1037.754384307223,529.5891751786489,556.9856805931645,530.997504641589,582.166938436491,460.2714681018504,420.74751821718996,553.3219218914978,1293.770339272069,484.31996413334775,797.156912563107,610.7176617650691,1290.1466091804036,747.541519254856,1111.1706026308584,645.6907195694778,557.7264343374231,710.2225454569174,758.632734107128,932.1315261222085,859.6100957269546,865.3755326261678,851.2857841531227
27,1369.080283263451,1404.9272163418211,1434.5455603741293,1472.8614892029207,1460.3792643915683,787.1722958485896,243.1960011862453,858.6501728349231,1147.9552709400289,1618.5470194718055,1530.1030426153898,941.5835692172035,835.8889443009282,857.1616499045531,941.8776458677545,909.2741907357931,950.8893022148907,877.529695590136,915.679094963305,943.7774174516406,969.3912535319286,1196.5367263382293,880.3449488973683,801.2705460400974,1219.60899919988,1073.070441065785,699.9870279550931,0.0,748.1144757934496,1097.9815757705658,696.6773728968085,637.1796525070463,657.8248418711497,709.2845751657829,621.7058290871456,582.1483920867106,680.2369488781992,1410.4869794330652,494.42403573189813,839.7601150673953,854.3692430119929,1189.2716844529195,920.9944082854488,1012.5878580327039,701.6493135439083,722.1488722240737,903.7581866512289,942.8898773005128,980.7816126178309,787.3491221863899,1040.0834454227497,962.4470178179474
28,1170.1197160571237,1707.7643143138632,1702.6698689706657,1726.6557976720746,1824.1671324724045,1148.8586920352952,691.5439822801143,243.18861343466003,1015.0890958275214,1914.1572779768962,1846.0243959078284,1363.141112494977,1218.127734556175,1232.0470115050953,1338.0894525285257,1269.1201454822847,1292.2919423285598,1285.711191665198,982.7519720518293,1013.8246586033824,993.5703002880546,1101.3865497634044,812.3307388325055,853.1126612574981,1241.1029341377725,934.4905102049714,1036.5978333640817,748.1144757934496,0.0,1120.459490633874,1103.4334182313273,988.253876616796,1050.42969484743,1157.169525319247,976.1308007288881,949.0674718007863,1077.7577960379601,1526.6239832187132,929.2388462376663,871.6239804678227,820.2921349024234,1444.8387410829473,1191.7783355744962,1133.4042276607618,973.7124378594382,950.9665558943209,1111.9387853080548,1130.2048389308825,1081.3979313975183,982.6117369765784,1014.061546225193,928.9077438775233
29,1275.8345254177616,1566.2820336097425,1355.9026445917068,1496.8629828062446,1486.926931829759,1002.3111516966839,1075.6704815365588,1253.2482992928137,594.03824092912,1592.1352649948174,1583.2875279227908,1239.112581910574,1190.8737493696085,1180.4893755857563,1231.6704541715314,1353.0322740683057,1247.2418099651254,1314.0723285007302,1178.5785896814361,1075.0866983942865,1207.4067646239673,1417.2416324538615,867.1115834854205,1111.4246312885325,1422.1150279724466,1109.2792974218287,1037.754384307223,1097.9815757705658,1120.459490633874,0.0,907.6919787709013,936.0316852561073,856.7905348759115,962.0246815832161,841.1678734478219,853.9600723886832,842.4526922689764,1474.9246667905395,823.2661256601652,1024.482246916277,728.7307907041069,1170.3720144526912,887.349938271841,989.562398404821,746.8656985122386,636.8391596593268,971.8962821519233,1021.2634986945378,1078.2641343330017,884.6750482960489,964.3637447301953,1000.1213306971439
30,1248.950447935793,1369.3200698787018,1291.785609896504,1322.3744341201054,1363.8996162790027,615.7541075460584,883.615760188908,1408.0536988818567,1246.798967364796,1485.528135980501,1417.3530033861325,263.81995258482146,261.7615224452456,208.81884013236976,189.64336740762494,324.31749823744155,247.73668309972268,258.7723618733267,936.4083465764309,1062.3501909957884,854.4848855418677,1187.3848752812207,999.5668726305707,1058.9262048139044,1275.3386164694184,1062.242362443762,529.5891751786489,696.6773728968085,1103.4334182313273,907.6919787709013,0.0,270.2984601248701,181.5282260328161,198.8325148828587,96.79965835503882,157.30083792845414,84.45734881536136,1590.951861868144,293.0437203787718,787.5382191354273,1046.0090409697564,1779.0420246445578,1355.5941235469256,1559.740487076665,1056.4002118357491,890.8700434339902,1277.757362625113,1294.0252047460883,1451.7215600069376,1163.0115232952237,1425.8557917271382,1356.6787445151613
31,1280.8023036621603,1289.268813217217,1243.0251948881423,1223.1808061463237,1353.6555018832319,569.2423585371457,851.5748130858909,1357.7640903347788,1207.1706655804585,1426.66802909566,1359.721549052981,218.3772355496237,259.7673559636029,167.1038537409352,272.63024873497176,252.4820454082652,281.19543222019723,262.44533554908264,807.1652085640277,1057.7202315018574,761.9021241563805,1069.7706014992305,995.9119565736328,994.3783961062653,1092.6555423356424,1019.9733098766612,556.9856805931645,637.1796525070463,988.253876616796,936.0316852561073,270.2984601248701,0.0,232.73300282951877,319.77923860257357,206.81299989508676,139.38488053359475,187.61464434378598,1575.9019329003834,296.02434489146003,794.1743047529596,1001.8198143690287,1704.0207782255625,1334.8775749812191,1465.067582220694,973.6805529645098,859.5013320518691,1206.79016581726,1235.3738407439077,1317.0956457908624,1052.9541993568755,1286.9109171161222,1196.7298834281664
32,1139.796268054454,1346.5674375165108,1252.6809390401713,1284.9094250207277,1356.0213437544037,529.0412765642152,924.9404698583153,1347.319456952627,1141.0186787522775,1425.9557633495688,1387.7626676996272,192.44354447194095,144.04338968283486,259.1600935605111,202.51510675098885,290.95327151475925,180.71012647286986,270.57933476284296,875.8322549369053,993.218260253314,802.3524271494852,1135.6481641302817,934.255620692561,1057.3651053929996,1223.5951530835487,1013.5625690244005,530.997504641589,657.8248418711497,1050.42969484743,856.7905348759115,181.5282260328161,232.73300282951877,0.0,196.1628713656887,70.79237180740799,185.68459168627808,95.50293106625003,1627.7732745468884,382.0956915602801,834.6501155199228,1025.709689358824,1765.7852710245809,1351.6127918104448,1562.6130407269409,1081.2570916529157,902.2259770851816,1317.6286491631258,1336.1078286825173,1398.2211004556711,1098.409806483634,1412.4971137224718,1301.435197530045
33,1310.8248350510087,1390.3886305592696,1327.1620909615608,1357.6249688803823,1394.5944797025252,575.3035500479311,939.0137574378762,1454.4348862045736,1266.2181501134974,1518.605933502532,1456.738991410048,269.7092868770811,256.6307227965042,286.00392789469066,208.32765035314222,326.9572098101192,263.0490365425901,299.9707238282608,1002.8129218374827,1155.4397618234323,942.2592754315244,1290.2916960050413,1097.031892898311,1119.7446200998033,1352.085683540264,1156.186170137338,582.166938436491,709.2845751657829,1157.169525319247,962.0246815832161,198.8325148828587,319.77923860257357,196.1628713656887,0.0,50.9247490254552,165.11293892330949,27.29845723703935,1634.262519928805,343.5908982831422,881.0979403880112,1108.9171230425568,1825.3176203716005,1375.8758035839985,1618.2526806854123,1079.570830107035,870.611281134498,1317.5254720965834,1306.7494147208195,1532.6046204122113,1222.0927885805654,1480.9276086488328,1422.099845761788
34,1103.037440921223,1290.6701713956286,1211.6529494494919,1228.0652437975311,1288.7164562653093,498.8651592577664,874.186070309544,1254.9129187399144,1111.1027519868296,1386.6355703123393,1334.0547841841449,183.73992030176788,135.36733563541293,209.57581787784702,169.7499131927244,257.3139061506322,145.51653807641807,242.26476697691115,838.1564292086537,951.4363457848665,756.0612518630911,1059.9987309378396,919.4587203523743,961.3369879839441,1161.0157105887042,981.6541790810436,460.2714681018504,621.7058290871456,976.1308007288881,841.1678734478219,96.79965835503882,206.81299989508676,70.79237180740799,50.9247490254552,0.0,142.92174076064268,100.5726339432238,1648.364215906208,399.81435970589706,898.8656111749158,1034.0960768863142,1800.902422388303,1400.0117989538378,1590.2979164694354,1144.5989776324045,924.7345098466299,1342.920100819913,1339.7673340269505,1482.7039310830255,1164.2819354661538,1472.8943345072096,1392.4422653910892
35,1025.4823282761904,1256.349687602786,1145.7584044764,1209.6628009163476,1260.2120672332774,486.64391088941244,841.7197759162633,1197.708306311641,1101.9985464515357,1361.6461997411602,1287.4317231261703,183.27439027789617,113.33390393533494,184.2761134491525,164.46272202015334,287.6390959150293,136.95394142624775,305.4234865240556,718.7409654268968,902.4599442170661,668.3621743564585,953.0299698547548,889.3523255677708,835.8426952238601,1063.080980294094,906.1403283229497,420.74751821718996,582.1483920867106,949.0674718007863,853.9600723886832,157.30083792845414,139.38488053359475,185.68459168627808,165.11293892330949,142.92174076064268,0.0,163.95733796083815,1566.5728436584986,448.6471167164035,882.3044657576748,960.6541309880746,1745.558239720292,1358.5012875906325,1545.4580426991627,1027.8482162516784,887.1760530314077,1247.5329729530015,1248.9208648195772,1412.9936697393032,1156.4379035170182,1385.0231154904443,1301.5881018137825
36,1178.0026455215727,1401.1582338991948,1289.3535929194477,1335.2460400541272,1374.3992026360045,588.4980494931095,949.9215207096163,1409.984433636235,1198.5355994842928,1477.4618143567652,1430.1576921604208,208.11460150743414,219.08079316519283,201.7250929608619,198.8339298636008,291.2219727400157,213.40325487308164,240.79514960842945,934.7232034479737,1047.4922441204822,841.4691552662698,1178.5598282303808,986.9539150957231,1092.5952506542724,1256.2089762323933,1071.9600717719004,553.3219218914978,680.2369488781992,1077.7577960379601,842.4526922689764,84.45734881536136,187.61464434378598,95.50293106625003,27.29845723703935,100.5726339432238,163.95733796083815,0.0,1632.623164851214,372.8154622830389,913.543764681396,1159.1376889979067,1886.2822152819213,1456.7595720913068,1655.223405763038,1153.6952234235089,964.5457531338351,1401.9017168075939,1400.5300073466578,1561.175939253017,1228.2177212219626,1510.0999214656078,1431.9257505930225
37,1805.603258823885,2123.0243961879582,2126.7621667943195,2061.9704683468985,2114.97045857195,1400.338553073921,1500.2984490785027,1647.6588441057152,1673.0440394681884,2206.552290894938,2191.2614742628643,1473.0974458406279,1539.880277662953,1518.7086736823026,1451.9776974326778,1628.286532158389,1513.8036225383544,1646.9833041290055,1383.0160778423894,1679.2060133010514,1380.2535833042448,1943.2938595855032,1512.0560480734782,1545.731361388833,1945.4647113945757,1486.924211763454,1293.770339272069,1410.4869794330652,1526.6239832187132,1474.9246667905395,1590.951861868144,1575.9019329003834,1627.7732745468884,1634.262519928805,1648.364215906208,1566.5728436584986,1632.623164851214,0.0,1460.732815098115,1523.6042250870876,1608.7555799086392,2126.594710294263,1673.7704680308643,1747.7383441458144,1605.0579696523798,1446.2790074077488,1739.0623298997905,1754.6318971850155,1671.2832117990945,1456.8646189743536,1518.8815227761354,1495.9512154801919
38,1321.305451478106,1164.8053712301719,1085.8012286194612,1093.7992841708508,1170.607616018995,493.66057938654643,674.9104786073152,1264.7438327377838,1098.053980791532,1271.0609749340579,1178.266966900197,307.0848919100237,385.76902084693694,205.48001936922583,339.2143360060818,190.28565964211796,406.7699739186912,226.10348175812385,895.4458414114536,1001.2671342773073,853.708757926426,1093.9341617004152,820.906433524946,907.0981474043746,1133.5838196619818,1016.3217615449729,484.31996413334775,494.42403573189813,929.2388462376663,823.2661256601652,293.0437203787718,296.02434489146003,382.0956915602801,343.5908982831422,399.81435970589706,448.6471167164035,372.8154622830389,1460.732815098115,0.0,870.6952846003584,1082.1700779865096,1575.611436672597,1242.4960535465173,1400.8251143042203,927.2091241419727,900.5279292271485,1182.819196025052,1194.4130327239398,1321.0158174842416,1059.4169645701743,1243.306808142641,1128.8446999670346
39,1305.8674789049433,1471.112122737452,1484.2590753849825,1449.7657181336501,1568.4565607082316,931.0119047953672,948.5879128373733,1178.6316425861419,1182.7271199240197,1624.4184188005472,1583.5106558454013,824.9041153467622,828.4766801941378,719.2055066199791,816.1659720512005,864.2483801098975,775.8924797997083,865.1723530452099,943.9548167487592,1018.2987568064436,794.2382148060508,1119.6975267133041,1093.7966440201214,1016.8726161013801,1270.6741189021352,1101.4073691166857,797.156912563107,839.7601150673953,871.6239804678227,1024.482246916277,787.5382191354273,794.1743047529596,834.6501155199228,881.0979403880112,898.8656111749158,882.3044657576748,913.543764681396,1523.6042250870876,870.6952846003584,0.0,1017.3296082988868,1433.3196078500123,1137.538508880189,1405.4098382562488,1069.361227092601,1015.6381904049243,1325.1202836288533,1213.0972627641822,1163.6844237170483,970.3291470273646,1270.0376751812605,1089.9531700039888
40,593.8190955924979,1271.817441805614,1383.7382291539386,1204.9139077070085,1245.1241209860796,707.3690647820184,1033.7286768354595,876.025102706359,926.6117062002227,1256.2887028986365,1412.6715102600656,904.3982397967061,786.8486846359025,990.3939899545403,874.428799154175,1021.047630958853,821.7106279705358,1127.387269216375,611.050320440101,381.98126570477615,593.089816301031,647.4185719014453,340.7802303190798,626.1754970520002,867.2665525954094,633.1415779984915,610.7176617650691,854.3692430119929,820.2921349024234,728.7307907041069,1046.0090409697564,1001.8198143690287,1025.709689358824,1108.9171230425568,1034.0960768863142,960.6541309880746,1159.1376889979067,1608.7555799086392,1082.1700779865096,1017.3296082988868,0.0,1674.326143295906,1293.1359942401111,1480.5247349957367,984.0218826389655,870.2988036013625,1172.679211659712,1175.6688427531878,1361.7834751015037,1282.5171632886663,1267.4997673741707,1234.064982385168
