,0,1,2,3,4,5,6,7,8,9,10,11,12,13,14,15,16,17,18,19,20,21,22,23,24,25,26,27,28,29,30,31,32,33,34,35,36,37,38,39,40,41,42,43,44,45,46,47,48,49,50,51
0,0.0,446.83162726989724,469.49103537984985,373.1855986709589,354.37369074668817,230.60306275299743,313.6147968176531,306.652853724079,338.3399720369337,369.4090734941559,415.75743647788596,291.9537421432383,226.4280874449539,290.49069473736904,282.27471716638337,278.5228622847672,207.34619555632102,266.12659252960117,129.2153152755198,123.87215268153847,139.2949621490688,77.99392140034705,177.56712644153527,159.36217516016617,84.91781021276307,102.8557592599596,227.8219865993854,307.2312187443044,282.6606279879777,332.23294787770106,306.40173820264283,303.8267204340173,260.77643060782856,310.7393460983203,248.27320433375309,237.4737964214593,270.78299185780867,506.43495081786665,269.92513217370407,350.0458107136902,46.72957115868694,432.4066440274392,349.06623023293724,349.9188353477874,234.0722037285432,211.10684130848767,295.32382592947494,281.7112633647505,332.6369744059226,303.6570656046558,254.4049876622808,254.57669668649217
1,446.83162726989724,0.0,91.35234866711677,55.45060465814153,25.71644967882587,329.35040181361285,343.1165805765787,440.6326532822245,419.0011195475542,1.8648930489211826,28.805057096005548,257.04969288737783,255.19596542122412,242.62190836025962,257.59855185845856,250.14409991152183,245.60577442059247,226.42224869813407,326.4646913569121,313.9520021919212,287.9110985058387,286.9765488729541,398.25907093819217,394.6405804319912,335.1947603567565,349.8031145250809,317.940313895473,341.54034415329573,391.1395794204727,345.9979449673767,229.64379617280557,246.35295659701245,223.98613918293552,236.5027397905026,208.25176211297776,217.00524667796185,215.9220010856969,561.4188860324167,228.96387168110414,338.85616152238543,287.05598885077836,338.63461024864637,326.55678145247975,217.38255646341065,363.4244020369031,331.6450876520312,407.12766960432907,389.9906299822121,412.20254400594695,379.44659969901556,344.72422496353533,346.7506701258964
2,469.49103537984985,91.35234866711677,0.0,19.751742910699384,1.5884971158024217,279.70040085484254,288.66408610236647,393.76307493487957,374.9196688097695,5.844923235454942,5.8721638176019795,196.7366393120637,218.4344910843857,207.67205689888962,200.46775294744054,207.7065882492226,207.98049818401867,201.79085035029127,285.94219037809285,270.26510192475195,252.63888207075075,245.8703874399179,356.8165992695844,351.4819071958276,302.71294170882265,316.85181499437596,275.9928333818706,304.97196923905506,352.32122547777664,288.5101840617395,182.98780822401088,192.62674569962067,190.24782977880184,201.11335330910202,177.03613345125484,181.5871438275442,189.52481615586004,540.4421633272046,187.12133157916838,308.9817505735975,257.47326694602094,271.7349171932949,275.3772217301872,159.8992932193911,278.87128674802204,262.8512646931459,317.70980856099203,316.2831114589071,333.9206056020761,318.9413624999989,293.74584995096865,284.6545998700831
3,373.1855986709589,55.45060465814153,19.751742910699384,0.0,19.9230024044256,314.57611722520465,389.4968957294761,464.7009106367832,433.0446789089014,19.808378411938502,31.32976678412675,289.04424762916756,270.1271728847828,280.0310009005359,279.01423856186346,287.1554635503155,245.05717979555536,278.67441314266375,319.75763931075426,302.8128155719498,289.345686108201,274.7553441698235,391.4719250159678,385.6068406170743,322.61997157826676,337.42011885394714,315.5648023631505,383.9582861741972,440.2161317960792,368.01322396027786,285.5036089436521,281.5375378341885,263.12514454637807,293.7333100650692,239.5612869412629,237.4208221215371,265.6576680245185,584.9898355631583,277.01850747543415,381.9274684693773,271.20739032467304,354.15180169287436,336.4135302483182,259.8130191352729,355.09917342948074,327.1232048216614,395.4431002952481,384.3393763698591,429.64248977538887,430.7096651595379,346.99387241172286,364.43312264622546
4,354.37369074668817,25.71644967882587,1.5884971158024217,19.9230024044256,0.0,326.886280581748,338.30061811579964,465.97610642839226,454.2171338367654,54.52262274747437,27.95473527611025,308.7287760938385,309.63427670222586,314.5618285482933,312.1323385370729,287.7089879217808,292.83507206422996,305.23153086203064,357.43606203908575,306.78662174845266,325.9826571699953,318.36572143708065,397.6630155960181,405.06933085140264,363.52897025903985,387.530764201738,328.8890377951228,355.19265245048297,444.5572062885233,391.2940637995072,311.4183322816003,315.13598588295673,291.21952318990293,305.98139738930973,276.88243316419573,275.95362502810775,300.9238720734258,639.7147738157723,273.46526775582475,413.78514891541994,288.8906455502617,335.21153737146506,319.8364206715084,225.82366678286292,373.3702439137167,352.4651685290921,395.7060817526479,383.1422873678304,430.6965342754078,426.5011576109929,332.17849320532207,335.56383185193397
5,230.60306275299743,329.35040181361285,279.70040085484254,314.57611722520465,326.886280581748,0.0,91.93470099824364,174.41155468081095,177.54837970390813,219.73415300525886,231.21710571980304,13.467338961894146,26.871798068854122,18.72024597717853,5.128137797670931,18.125478416481492,14.356594224367111,13.763581131816311,22.643207585753647,66.52323067465599,32.00016535809366,62.355876411325944,129.63601334430638,87.85565874198919,70.26165662486284,68.82124386041787,4.66504782573043,69.71848258736017,138.4206871294062,111.06114916073612,11.10484113825642,6.7845428602759075,12.776904806430691,20.070269705053914,9.389747909056926,11.441210691467877,19.156220001154878,261.07595983019064,5.719992662125926,157.98120495264948,83.79729107031747,251.0044762495342,148.76988364554217,176.62754666955433,48.53021259879691,24.2629722555112,74.41384317013771,99.99838124735841,103.53578884284774,78.25145116030873,114.96754180260332,102.67274461720365
6,313.6147968176531,343.1165805765787,288.66408610236647,389.4968957294761,338.30061811579964,91.93470099824364,0.0,119.19391749982667,114.49097254906025,148.09657256906314,150.75606084077702,39.63815047866686,42.822056348429484,29.91238317230789,28.364990038978306,13.865780192329478,35.022252783671355,28.484676776642583,39.98830943585189,80.88425674475546,38.273802759778484,66.99060984412989,160.50506517627915,101.18737087249555,66.5395899191897,73.6407151419892,38.52504230768686,4.561140933448385,72.84567032746514,75.60182861142168,20.366479680778482,17.831179641256455,27.619646883699268,37.0541049378181,21.804716591620203,29.612326612129923,29.267082141808142,214.25165232253218,28.72086052885982,112.33459796216977,78.72670787261275,140.08098138452144,90.48837148842578,93.77362359272769,30.615829160514537,29.82157680928593,68.67974568526911,72.41109976102214,105.1021087653042,65.7610920801305,90.36913308472619,89.37827122661957
7,306.652853724079,440.6326532822245,393.76307493487957,464.7009106367832,465.97610642839226,174.41155468081095,119.19391749982667,0.0,254.54758103123675,305.3915273350012,310.8282410501108,141.10057191059317,121.2364427807828,136.0796056432037,132.90030293422984,137.22656958565835,111.17164919597708,120.67279642488877,102.8534377679131,161.84989116277256,92.5468512539967,145.81286623439948,203.95477854513624,104.07361026579083,168.82029495401608,107.56734499537805,160.39658505503485,153.25000296372664,36.914654345001026,198.3874035922536,139.87149538691034,144.02142715035174,124.88086548915095,139.7082512120992,115.77499332745171,112.72289080255798,129.6364818682943,274.90675387260256,124.0183213599484,137.18306675664314,115.72842013879216,329.379574614866,226.25250535331477,257.4633856652873,152.0174008196884,127.97102865340693,194.6499885538942,185.75505664064798,199.41262320853542,172.69363563159646,218.02083660205972,183.3420931483142
8,338.3399720369337,419.0011195475542,374.9196688097695,433.0446789089014,454.2171338367654,177.54837970390813,114.49097254906025,254.54758103123675,0.0,213.51163318833093,215.19356217112727,147.0691265874376,140.66665363140643,104.84589465770097,141.0814462315715,120.74303874968143,122.45104132113696,96.62869585381277,115.83741682007756,118.02236880517503,118.30230277374241,131.69345370855274,175.09907234536945,102.36002109598196,117.75364786181395,84.42171160620957,116.66839514428888,129.4095022828169,173.16890967183826,17.6013617926645,125.23718771019354,132.21298075644665,123.7221440010751,137.24186779230953,108.798834974857,116.26986145242557,119.6722536622284,269.11704618578165,104.0165551177072,186.35210477206073,114.00430772172663,198.84222065806316,153.19900471684582,141.9638904913373,85.11126261691757,86.56539104222585,152.5303980680226,164.6700267884995,133.88314215783294,121.85279914281526,107.24565213461541,115.46399273538756
9,369.4090734941559,1.8648930489211826,5.844923235454942,19.808378411938502,54.52262274747437,219.73415300525886,148.09657256906314,305.3915273350012,213.51163318833093,0.0,37.5162201823713,272.1652365761485,263.61960492951084,253.76563398628747,271.26181986430055,268.81238484588476,246.67039281466046,253.29487513805006,344.1958742949269,330.440224117995,304.7140866534,299.90642822821155,416.4227110073244,409.19489766060826,348.6524848732098,360.2271096875689,332.87238073640975,380.27721536719093,416.3421191948877,364.0198964990835,248.09822406361855,257.8647473956774,233.93249538966168,262.3871565505176,216.71750101601586,219.66910591514923,228.80297385732666,580.3800549154859,250.41467778644642,359.71568678877685,299.53870075609456,362.70760842841315,344.29712929336284,242.6800525809924,374.86336341074576,344.2356122275169,420.50620991268903,398.1695381998989,435.5809179066026,411.45333199192515,368.1257638659614,368.1847609322969
10,415.75743647788596,28.805057096005548,5.8721638176019795,31.32976678412675,27.95473527611025,231.21710571980304,150.75606084077702,310.8282410501108,215.19356217112727,37.5162201823713,0.0,299.18193697301484,305.20260078654593,288.8145504818845,293.28644151703816,270.40165670140834,284.41224851100725,280.67811842501885,377.4917987413445,369.41400290701483,346.21953342643536,345.31305099293996,454.7613823501891,413.3006638881261,377.52324634515264,397.7136922644056,352.9325203205239,371.9359645544117,442.125701139611,379.11582088862804,282.88426182050586,290.871319484752,286.17618729926545,295.1751308383876,263.922680582057,271.04084673316976,292.1256006185507,644.7194797732144,251.53346211460578,384.4730132111656,347.15877851544496,377.7747601525174,347.15378325836855,261.37810182520684,382.4837488413047,365.6020498218987,435.104154724615,411.3557129350235,449.1377417300607,435.1108274902241,362.4067520267577,363.69331109686385
11,291.9537421432383,257.04969288737783,196.7366393120637,289.04424762916756,308.7287760938385,13.467338961894146,39.63815047866686,141.10057191059317,147.0691265874376,272.1652365761485,299.18193697301484,0.0,54.22055466146593,45.039767359312116,2.293725869970973,42.004568442553854,35.69833682801992,46.71477974931837,171.91308300686578,277.1738760791484,157.345573677784,222.75415389123776,365.26652000590803,290.81238771526284,271.0932222514926,250.81391156323022,171.84051812455064,235.34168645967227,340.27167272476566,314.58455602103476,20.15173101565715,22.95720730241635,10.2332589210319,12.33160964296814,4.804805477632453,7.178381727457787,21.538718459977737,480.3529893993967,67.35944346021404,231.16627580836092,241.57301342783626,497.19642400585246,353.69145596327036,388.26558173005117,263.19116693616985,218.79091165779593,327.61955926780365,320.09181389027555,380.3653212136982,309.3556425125612,346.49645343613474,332.13267685871205
12,226.4280874449539,255.19596542122412,218.4344910843857,270.1271728847828,309.63427670222586,26.871798068854122,42.822056348429484,121.2364427807828,140.66665363140643,263.61960492951084,305.20260078654593,54.22055466146593,0.0,21.328420715943246,38.44977638823668,46.52209173701948,1.3875914659465418,28.391008801601927,133.12479038435626,247.53470536870427,119.65761116322722,190.7963075676583,340.4862954218178,231.8304750454102,226.77435245730481,198.3512401730806,149.56849087015112,204.69692204930226,280.340171674617,279.79672412276096,25.281239574170357,28.131000470569425,5.249681058189957,21.230494066934515,8.412850499466606,2.069841447748315,12.503581555582139,443.48054459042237,41.104216566866725,197.73313065281883,207.12731654268424,459.6549402826642,307.4615462096069,363.8985854260777,231.04384943782287,187.77483020541248,284.1450713609993,272.30589367393617,324.86125086481763,257.88506764537533,299.0807888478691,293.33746151499747
13,290.49069473736904,242.62190836025962,207.67205689888962,280.0310009005359,314.5618285482933,18.72024597717853,29.91238317230789,136.0796056432037,104.84589465770097,253.76563398628747,288.8145504818845,45.039767359312116,21.328420715943246,0.0,43.15898446939391,36.00174245764578,9.91562725606963,10.450119157960186,162.14969117469417,284.44414076072917,136.48744609657436,238.02136880102822,353.6238579665213,254.45950101222746,268.87080967199904,228.7097515915908,160.0293481124577,216.52227692167278,290.7896013885184,262.7202475590363,14.621505408123848,14.561791323065217,7.349486582302951,14.489673562148045,5.001882832119517,1.3885352564827491,7.375778828086006,432.1927247025511,24.32798417056748,196.85438477419345,249.74329903676255,471.5833521175641,322.3036336382652,372.8952335132509,251.34861777696017,202.92857524887577,299.8438263570676,296.2838521510537,344.9368728182065,270.9036595106,312.694717212684,299.57513169533576
14,282.27471716638337,257.59855185845856,200.46775294744054,279.01423856186346,312.1323385370729,5.128137797670931,28.364990038978306,132.90030293422984,141.0814462315715,271.26181986430055,293.28644151703816,2.293725869970973,38.44977638823668,43.15898446939391,0.0,35.647953469925014,31.17713187820154,44.50913780338323,190.420817851595,302.33981272293056,169.29492179433925,241.53198288444275,401.0151236978072,298.0737853364329,287.9146693889975,265.07797345237395,187.34350377717544,252.47973253276658,351.9121826623878,316.8579392911962,14.830995728831487,13.012007625706465,13.638274115987851,14.338889832889146,7.888517555898973,6.91214705399772,13.524566464887641,502.2376030911604,63.016127197026826,233.22611234789613,254.38927259049356,524.1454746440746,369.85682777487114,419.07953359966314,281.6763590316058,236.19823086600286,354.9327443172047,339.19358011396514,397.1662744744186,315.04789919785713,365.92125076125376,353.45140497926263
15,278.5228622847672,250.14409991152183,207.7065882492226,287.1554635503155,287.7089879217808,18.125478416481492,13.865780192329478,137.22656958565835,120.74303874968143,268.81238484588476,270.40165670140834,42.004568442553854,46.52209173701948,36.00174245764578,35.647953469925014,0.0,55.25523787437355,47.028039435006804,251.7714353346211,353.67686626924643,225.0287495012748,315.34381357496386,446.2629376488681,341.6079944241603,345.5410549835865,311.10204204699556,214.58604575015744,258.53624905375864,347.8083612347667,364.32349244514893,19.301532523522656,15.278863539023014,25.200332773512756,41.80858627796926,11.47069791740483,30.146638129396443,19.71953446728705,556.4749969662491,41.70638022121508,234.59351766866337,311.7469609665639,527.8304742494194,389.9124455179917,415.19375883600827,289.3043952325192,253.78003193719417,373.87988033743414,363.1566464500815,424.5437266989051,338.5406474378,390.74745068964296,377.41597844262196
16,207.34619555632102,245.60577442059247,207.98049818401867,245.05717979555536,292.83507206422996,14.356594224367111,35.022252783671355,111.17164919597708,122.45104132113696,246.67039281466046,284.41224851100725,35.69833682801992,1.3875914659465418,9.91562725606963,31.17713187820154,55.25523787437355,0.0,23.855156066159427,159.43968776431348,291.18280409560896,145.25688100633548,212.57344907432162,373.83323108327954,266.8471574167944,245.34912238347712,224.48972630417273,184.39607352804833,241.75107445326705,309.80597535247506,324.0870940567576,31.271880827956,45.38729102350755,12.044800472753728,18.353327537396975,8.36462166162546,4.799738640017202,26.175673966883217,482.2778599145371,72.1909158870102,210.57908029195914,245.87455655049433,505.3499978305413,350.64657323427645,400.54074131257244,272.28726112525226,220.68770805758493,321.0292026013779,306.57038173825583,360.95309741996454,294.4112263882637,331.60518924794604,316.72184994777837
17,266.12659252960117,226.42224869813407,201.79085035029127,278.67441314266375,305.23153086203064,13.763581131816311,28.484676776642583,120.67279642488877,96.62869585381277,253.29487513805006,280.67811842501885,46.71477974931837,28.391008801601927,10.450119157960186,44.50913780338323,47.028039435006804,23.855156066159427,0.0,224.30488931016575,366.564257708881,198.35405112706528,319.88918280269525,448.5256889541076,323.5530365413091,342.11698562066715,295.021335187507,226.14898423766957,261.86963523474674,337.20406095363256,345.1597663029442,32.96392996818714,38.35461219903021,48.23111100581554,37.0993166082366,27.40629526486322,35.316433988188614,30.79657896783756,526.9904680247762,16.23864719849818,208.15421967643192,345.9308583190132,521.2439690057365,366.411213595414,421.08220107507003,283.45802477834076,244.02319084254017,348.49564871208815,336.74742323210205,418.13253793811407,329.46136275344713,374.07746309242475,365.8407614497616
18,129.2153152755198,326.4646913569121,285.94219037809285,319.75763931075426,357.43606203908575,22.643207585753647,39.98830943585189,102.8534377679131,115.83741682007756,344.1958742949269,377.4917987413445,171.91308300686578,133.12479038435626,162.14969117469417,190.420817851595,251.7714353346211,159.43968776431348,224.30488931016575,0.0,77.80087857796477,16.49428999028603,38.512181018808135,215.3793956164037,143.8925451512674,78.6499089628138,44.139420452425966,103.97820032319046,230.08749334935453,200.7875961170318,277.6886306980773,179.55127787635212,160.9552348872177,150.89379987052303,185.7833251847524,147.03600162901722,127.56519288456877,161.54222373386264,373.6895293146139,179.31574834091504,242.80809671988303,62.78303855044681,368.5974086872748,274.72626528713107,288.61782415662634,155.82918636301784,127.20035732707875,202.41150349032645,159.1480374592654,289.82215672213687,250.20782726122067,201.49564910773975,192.60110465042212
19,123.87215268153847,313.9520021919212,270.26510192475195,302.8128155719498,306.78662174845266,66.52323067465599,80.88425674475546,161.84989116277256,118.02236880517503,330.440224117995,369.41400290701483,277.1738760791484,247.53470536870427,284.44414076072917,302.33981272293056,353.67686626924643,291.18280409560896,366.564257708881,77.80087857796477,0.0,79.32917748793851,1.2741329359047235,130.36614219610763,161.7846540302209,34.86415970415453,97.81830127759844,127.72519268135,239.92042495832771,260.6917808380835,224.7825894616477,189.76784810124082,172.3804756984204,171.93928643936937,202.10517348880634,163.06269770942782,163.58902181206903,183.8015078673028,454.2413109334108,162.23562831437832,290.8119805453085,3.278368712584507,345.3134445625786,270.26193614464887,261.7906134825179,144.9063945332101,150.97132927049833,221.4728138278,201.81387813695648,252.53376929178424,224.5241639945622,173.25490579324045,178.57107395496246
20,139.2949621490688,287.9110985058387,252.63888207075075,289.345686108201,325.9826571699953,32.00016535809366,38.273802759778484,92.5468512539967,118.30230277374241,304.7140866534,346.21953342643536,157.345573677784,119.65761116322722,136.48744609657436,169.29492179433925,225.0287495012748,145.25688100633548,198.35405112706528,16.49428999028603,79.32917748793851,0.0,57.337740397846844,243.6791231681034,188.67301033986118,109.87216860380659,93.17755824548757,130.50567687054755,240.56133298023798,222.76701534951928,286.36832700903125,155.35237310319653,147.7657015933947,135.89187178252806,169.62563106196527,132.71534018102724,118.70788133447148,140.41687271085212,395.3177668100443,165.68768225016385,215.8952514301548,81.05653094161075,420.4735728804284,319.66620603141234,348.6665693326016,213.56623451186704,176.42551614986763,250.4008164377152,201.52631589496576,319.6614670588112,260.022845719107,228.3935156885517,226.34209999723052
21,77.99392140034705,286.9765488729541,245.8703874399179,274.7553441698235,318.36572143708065,62.355876411325944,66.99060984412989,145.81286623439948,131.69345370855274,299.90642822821155,345.31305099293996,222.75415389123776,190.7963075676583,238.02136880102822,241.53198288444275,315.34381357496386,212.57344907432162,319.88918280269525,38.512181018808135,1.2741329359047235,57.337740397846844,0.0,241.74932874289385,258.34893841805405,54.253784724548076,183.62216184946018,216.49878787543105,355.6405503289547,332.28396875152606,419.35712768775204,357.1826371426468,324.7649677976533,319.42976261120907,377.23641643470665,312.54226315849553,295.1229863735149,341.34226844426973,614.219504987643,329.26330015746447,392.49439454885174,91.19092951644572,471.41603428415675,399.2378000815336,358.65511823387243,268.6242900020611,258.6395529857843,316.8643560241873,277.2204540151472,346.7702620098658,297.21809273952994,266.977073457907,256.67505182691076
22,177.56712644153527,398.25907093819217,356.8165992695844,391.4719250159678,397.6630155960181,129.63601334430638,160.50506517627915,203.95477854513624,175.09907234536945,416.4227110073244,454.7613823501891,365.26652000590803,340.4862954218178,353.6238579665213,401.0151236978072,446.2629376488681,373.83323108327954,448.5256889541076,215.3793956164037,130.36614219610763,243.6791231681034,241.74932874289385,0.0,71.04182150492053,0.417037128254636,46.253432418912425,81.29804469544575,183.22668630639237,164.8145850898701,140.38405190711592,152.27714594238861,124.78949931394857,119.31434114474317,144.42667898228856,122.18134615287642,102.43383838647017,135.6214719733697,255.93341457058682,116.7913519612533,198.36445848275474,5.360159654865435,294.3138195162327,203.471863012815,216.71883575402597,114.00963760763571,108.16434651062087,154.42774964463808,148.25009534187723,165.27064240463852,163.51498437450888,100.22210339740478,111.32088694005961
23,159.36217516016617,394.6405804319912,351.4819071958276,385.6068406170743,405.06933085140264,87.85565874198919,101.18737087249555,104.07361026579083,102.36002109598196,409.19489766060826,413.3006638881261,290.81238771526284,231.8304750454102,254.45950101222746,298.0737853364329,341.6079944241603,266.8471574167944,323.5530365413091,143.8925451512674,161.7846540302209,188.67301033986118,258.34893841805405,71.04182150492053,0.0,13.437657877617312,0.0,18.486949170738846,81.24596197038808,31.01539675082851,109.06939643662997,34.62663964603739,27.892470720453424,27.633640167697198,47.17875592125958,21.15209414730636,13.989909864632098,32.45657096043758,179.3724681919985,29.489565681165367,91.90746425855944,8.275764982637385,220.52936147103324,152.3834120718375,156.02021788832968,48.86127582522213,41.51234066948174,73.83428304550525,53.674606688600925,68.65437655696057,56.520143680643876,73.66970630865295,60.79268400021946
24,84.91781021276307,335.1947603567565,302.71294170882265,322.61997157826676,363.52897025903985,70.26165662486284,66.5395899191897,168.82029495401608,117.75364786181395,348.6524848732098,377.52324634515264,271.0932222514926,226.77435245730481,268.87080967199904,287.9146693889975,345.5410549835865,245.34912238347712,342.11698562066715,78.6499089628138,34.86415970415453,109.87216860380659,54.253784724548076,0.417037128254636,13.437657877617312,0.0,137.83288769712402,173.87307006476982,317.6916203849505,320.6887290546403,374.94859575733744,329.84721734735575,282.2717928923367,282.34700604510283,340.51270163809573,272.83646597568764,258.111910324196,311.217086363643,565.9099285098958,268.5290941705987,355.5322579475698,137.11263813003785,432.777507952958,364.6630383541841,335.4734791363494,211.7748628819155,238.86269518410356,265.2532191899722,242.07932888519926,320.8428236321037,304.6003192676975,228.478410035553,239.37380724450315
25,102.8557592599596,349.8031145250809,316.85181499437596,337.42011885394714,387.530764201738,68.82124386041787,73.6407151419892,107.56734499537805,84.42171160620957,360.2271096875689,397.7136922644056,250.81391156323022,198.3512401730806,228.7097515915908,265.07797345237395,311.10204204699556,224.48972630417273,295.021335187507,44.139420452425966,97.81830127759844,93.17755824548757,183.62216184946018,46.253432418912425,0.0,137.83288769712402,0.0,87.71457525247864,205.21097312900835,170.75792420121462,265.022255349572,180.0277326989971,177.68108465340882,151.63050731948485,178.41984741427203,139.42674717122708,121.40858267918418,164.44018973449147,323.9014876974814,180.77951472200377,227.07013691174274,67.7136734892931,376.0167644267508,276.1189368055894,278.20825678464615,166.29586910368215,149.39138404204255,206.5741298943622,154.4174948834158,253.8912119279909,231.19450641916495,177.68624738003965,178.93400149420864
26,227.8219865993854,317.940313895473,275.9928333818706,315.5648023631505,328.8890377951228,4.66504782573043,38.52504230768686,160.39658505503485,116.66839514428888,332.87238073640975,352.9325203205239,171.84051812455064,149.56849087015112,160.0293481124577,187.34350377717544,214.58604575015744,184.39607352804833,226.14898423766957,103.97820032319046,127.72519268135,130.50567687054755,216.49878787543105,81.29804469544575,18.486949170738846,173.87307006476982,87.71457525247864,0.0,70.64057174626467,101.5343622579378,147.7604775983124,8.808065522412521,5.695802687646276,1.6410794300739517,8.664387809729838,1.156113785394282,3.1418681763759806,5.004167165270211,259.4212835887698,12.0177144226288,122.36107852134388,45.47683470869432,261.0647568315633,132.66151730144765,191.99064643658602,76.01267761319133,52.00054577538564,114.0216152110978,86.89877988375447,129.6356345853312,61.17355692605927,101.52694846452218,92.82431959411518
27,307.2312187443044,341.54034415329573,304.97196923905506,383.9582861741972,355.19265245048297,69.71848258736017,4.561140933448385,153.25000296372664,129.4095022828169,380.27721536719093,371.9359645544117,235.34168645967227,204.69692204930226,216.52227692167278,252.47973253276658,258.53624905375864,241.75107445326705,261.86963523474674,230.08749334935453,239.92042495832771,240.56133298023798,355.6405503289547,183.22668630639237,81.24596197038808,317.6916203849505,205.21097312900835,70.64057174626467,0.0,133.8875791158384,184.2102151045751,19.38766011712056,21.886825732368532,12.240776631668911,23.033134849434525,8.779187618099089,12.09696668124838,12.29967841748253,273.10889946511037,8.39412719861849,144.2470926563229,103.27177140898229,248.1002172989219,143.0189633538586,172.10747371336893,79.00933895677298,58.79056255506617,136.24590473620353,113.25303962190921,178.3834912141024,110.87704500617993,144.61914535591131,148.26205622927478
28,282.6606279879777,391.1395794204727,352.32122547777664,440.2161317960792,444.5572062885233,138.4206871294062,72.84567032746514,36.914654345001026,173.16890967183826,416.3421191948877,442.125701139611,340.27167272476566,280.340171674617,290.7896013885184,351.9121826623878,347.8083612347667,309.80597535247506,337.20406095363256,200.7875961170318,260.6917808380835,222.76701534951928,332.28396875152606,164.8145850898701,31.01539675082851,320.6887290546403,170.75792420121462,101.5343622579378,133.8875791158384,0.0,204.60463166675973,50.890871711856086,54.51605485679359,39.24660070221404,60.84555346517432,37.69514542988771,36.34436307818829,39.761173431978,274.81277441515675,41.32183501275135,104.87681807377848,97.47481215721825,278.99264527791365,194.20684953766363,196.36046654031645,131.2167310602759,106.7810811884606,168.44086143876686,141.52165716002546,159.71936463539927,112.40396259871015,142.83073826708872,138.68213316946964
29,332.23294787770106,345.9979449673767,288.5101840617395,368.01322396027786,391.2940637995072,111.06114916073612,75.60182861142168,198.3874035922536,17.6013617926645,364.0198964990835,379.11582088862804,314.58455602103476,279.79672412276096,262.7202475590363,316.8579392911962,364.32349244514893,324.0870940567576,345.1597663029442,277.6886306980773,224.7825894616477,286.36832700903125,419.35712768775204,140.38405190711592,109.06939643662997,374.94859575733744,265.022255349572,147.7604775983124,184.2102151045751,204.60463166675973,0.0,35.252854484929784,26.04868916681125,28.732186052601442,32.55045411139567,19.528307690190672,23.345234538271303,21.570250869533655,299.5395979212912,19.625489526938797,137.07462768485723,85.16886658479707,172.42877830042988,116.94902514685262,113.61063787442437,47.34733766613784,31.21807186362367,107.14212486770654,90.97641544558262,130.40204393361665,84.28092091943633,101.75462123160271,90.06269988165062
30,306.40173820264283,229.64379617280557,182.98780822401088,285.5036089436521,311.4183322816003,11.10484113825642,20.366479680778482,139.87149538691034,125.23718771019354,248.09822406361855,282.88426182050586,20.15173101565715,25.281239574170357,14.621505408123848,14.830995728831487,19.301532523522656,31.271880827956,32.96392996818714,179.55127787635212,189.76784810124082,155.35237310319653,357.1826371426468,152.27714594238861,34.62663964603739,329.84721734735575,180.0277326989971,8.808065522412521,19.38766011712056,50.890871711856086,35.252854484929784,0.0,47.872016875922846,18.827223117416132,37.624456756942145,4.645649772587483,24.211554179947953,13.94654740644237,581.4186482324836,99.50378652693351,255.73406950721042,374.54928571878935,613.4331923760435,459.7700292335358,495.67913722051605,365.2058512970154,310.4348337765164,438.22596758655345,420.8168169275148,493.88180790315477,394.36271125565185,453.07471852555864,437.4097204161918
31,303.8267204340173,246.35295659701245,192.62674569962067,281.5375378341885,315.13598588295673,6.7845428602759075,17.831179641256455,144.02142715035174,132.21298075644665,257.8647473956774,290.871319484752,22.95720730241635,28.131000470569425,14.561791323065217,13.012007625706465,15.278863539023014,45.38729102350755,38.35461219903021,160.9552348872177,172.3804756984204,147.7657015933947,324.7649677976533,124.78949931394857,27.892470720453424,282.2717928923367,177.68108465340882,5.695802687646276,21.886825732368532,54.51605485679359,26.04868916681125,47.872016875922846,0.0,25.842642202319514,40.056583750209555,17.098287193016763,20.223446108588426,17.78100343052976,567.0387688272119,62.434751970271485,250.02414454666797,335.81637797676495,565.7671379279451,415.2981843796758,452.3408629747291,314.42424765430866,274.68221215252095,399.2248804005777,386.0541675864497,452.9007486306605,364.6342144598432,415.1808252975432,404.0273149797917
32,260.77643060782856,223.98613918293552,190.24782977880184,263.12514454637807,291.21952318990293,12.776904806430691,27.619646883699268,124.88086548915095,123.7221440010751,233.93249538966168,286.17618729926545,10.2332589210319,5.249681058189957,7.349486582302951,13.638274115987851,25.200332773512756,12.044800472753728,48.23111100581554,150.89379987052303,171.93928643936937,135.89187178252806,319.42976261120907,119.31434114474317,27.633640167697198,282.34700604510283,151.63050731948485,1.6410794300739517,12.240776631668911,39.24660070221404,28.732186052601442,18.827223117416132,25.842642202319514,0.0,15.10982240223215,4.002646533514114,7.36922864168934,0.590632142509592,539.3773638791365,72.34888212167651,226.6444156600584,330.0543005170525,557.1060788613246,408.03897633067965,453.14808337363723,320.6492886163206,267.09312215894147,390.9922080336704,379.4251239700283,440.35888422218846,350.0263097212595,403.31523429577084,389.8236627382019
33,310.7393460983203,236.5027397905026,201.11335330910202,293.7333100650692,305.98139738930973,20.070269705053914,37.0541049378181,139.7082512120992,137.24186779230953,262.3871565505176,295.1751308383876,12.33160964296814,21.230494066934515,14.489673562148045,14.338889832889146,41.80858627796926,18.353327537396975,37.0993166082366,185.7833251847524,202.10517348880634,169.62563106196527,377.23641643470665,144.42667898228856,47.17875592125958,340.51270163809573,178.41984741427203,8.664387809729838,23.033134849434525,60.84555346517432,32.55045411139567,37.624456756942145,40.056583750209555,15.10982240223215,0.0,9.657780409229044,7.773359087117247,1.462160843651747,543.372015856718,68.90939295304237,234.35748563131162,339.18382773850317,563.2782367052721,407.4710403382817,456.08196234169276,321.43776132461113,265.8064556438274,391.7589742510266,381.8540241599766,443.37992749526416,352.7165682735133,404.9034056888255,390.0302776040056
34,248.27320433375309,208.25176211297776,177.03613345125484,239.5612869412629,276.88243316419573,9.389747909056926,21.804716591620203,115.77499332745171,108.798834974857,216.71750101601586,263.922680582057,4.804805477632453,8.412850499466606,5.001882832119517,7.888517555898973,11.47069791740483,8.36462166162546,27.40629526486322,147.03600162901722,163.06269770942782,132.71534018102724,312.54226315849553,122.18134615287642,21.15209414730636,272.83646597568764,139.42674717122708,1.156113785394282,8.779187618099089,37.69514542988771,19.528307690190672,4.645649772587483,17.098287193016763,4.002646533514114,9.657780409229044,0.0,24.439945179540945,16.238818364911637,582.9137077541995,118.92580169526785,266.8920045309966,369.88737828357034,624.1799547639207,466.63183257494785,510.1413475294473,375.5561252386453,312.0195119101112,449.51098031521,432.0056270611547,504.0403991344635,405.19672413677307,459.5783323878356,437.71823133608603
35,237.4737964214593,217.00524667796185,181.5871438275442,237.4208221215371,275.95362502810775,11.441210691467877,29.612326612129923,112.72289080255798,116.26986145242557,219.66910591514923,271.04084673316976,7.178381727457787,2.069841447748315,1.3885352564827491,6.91214705399772,30.146638129396443,4.799738640017202,35.316433988188614,127.56519288456877,163.58902181206903,118.70788133447148,295.1229863735149,102.43383838647017,13.989909864632098,258.111910324196,121.40858267918418,3.1418681763759806,12.09696668124838,36.34436307818829,23.345234538271303,24.211554179947953,20.223446108588426,7.36922864168934,7.773359087117247,24.439945179540945,0.0,10.586369688196905,561.8854334496729,114.29719791991963,257.0604249801313,363.56439549870527,598.4738219307629,444.87969807047375,486.11770413230266,350.03414388382686,293.29855311861786,415.3449775578005,401.636452672024,472.7717804439038,378.19313091738104,429.63581450217424,414.73614438603533
36,270.78299185780867,215.9220010856969,189.52481615586004,265.6576680245185,300.9238720734258,19.156220001154878,29.267082141808142,129.6364818682943,119.6722536622284,228.80297385732666,292.1256006185507,21.538718459977737,12.503581555582139,7.375778828086006,13.524566464887641,19.71953446728705,26.175673966883217,30.79657896783756,161.54222373386264,183.8015078673028,140.41687271085212,341.34226844426973,135.6214719733697,32.45657096043758,311.217086363643,164.44018973449147,5.004167165270211,12.29967841748253,39.761173431978,21.570250869533655,13.94654740644237,17.78100343052976,0.590632142509592,1.462160843651747,16.238818364911637,10.586369688196905,0.0,598.1518018734597,121.02159338961702,280.23176089625883,410.3388279058761,628.9422331387839,469.04164125708695,515.9254955704649,384.36476960279566,314.39009317700203,452.1567321478557,436.3660563793525,523.2442315613938,415.0894719417524,471.0024860799674,456.07246176082293
37,506.43495081786665,561.4188860324167,540.4421633272046,584.9898355631583,639.7147738157723,261.07595983019064,214.25165232253218,274.90675387260256,269.11704618578165,580.3800549154859,644.7194797732144,480.3529893993967,443.48054459042237,432.1927247025511,502.2376030911604,556.4749969662491,482.2778599145371,526.9904680247762,373.6895293146139,454.2413109334108,395.3177668100443,614.219504987643,255.93341457058682,179.3724681919985,565.9099285098958,323.9014876974814,259.4212835887698,273.10889946511037,274.81277441515675,299.5395979212912,581.4186482324836,567.0387688272119,539.3773638791365,543.372015856718,582.9137077541995,561.8854334496729,598.1518018734597,0.0,192.603768091898,268.9572531772148,213.07792823540927,312.2769878406374,233.6398109154659,260.7740617239075,197.49313277550627,184.69309835282309,232.40761716759775,220.62666884219382,238.11086217186312,181.15608757001644,207.40070768560116,207.78524472331827
38,269.92513217370407,228.96387168110414,187.12133157916838,277.01850747543415,273.46526775582475,5.719992662125926,28.72086052885982,124.0183213599484,104.0165551177072,250.41467778644642,251.53346211460578,67.35944346021404,41.104216566866725,24.32798417056748,63.016127197026826,41.70638022121508,72.1909158870102,16.23864719849818,179.31574834091504,162.23562831437832,165.68768225016385,329.26330015746447,116.7913519612533,29.489565681165367,268.5290941705987,180.77951472200377,12.0177144226288,8.39412719861849,41.32183501275135,19.625489526938797,99.50378652693351,62.434751970271485,72.34888212167651,68.90939295304237,118.92580169526785,114.29719791991963,121.02159338961702,192.603768091898,0.0,264.21995531690703,329.8318044273281,514.3269214107769,373.5013961417443,399.7161379150481,288.80792736235566,264.1055997368014,354.5925655335167,342.90730951653865,393.8689862009624,311.63271968917775,369.57523093710506,337.6058388065042
39,350.0458107136902,338.85616152238543,308.9817505735975,381.9274684693773,413.78514891541994,157.98120495264948,112.33459796216977,137.18306675664314,186.35210477206073,359.71568678877685,384.4730132111656,231.16627580836092,197.73313065281883,196.85438477419345,233.22611234789613,234.59351766866337,210.57908029195914,208.15421967643192,242.80809671988303,290.8119805453085,215.8952514301548,392.49439454885174,198.36445848275474,91.90746425855944,355.5322579475698,227.07013691174274,122.36107852134388,144.2470926563229,104.87681807377848,137.07462768485723,255.73406950721042,250.02414454666797,226.6444156600584,234.35748563131162,266.8920045309966,257.0604249801313,280.23176089625883,268.9572531772148,264.21995531690703,0.0,160.68589025641901,407.0847611012177,301.5134195223317,344.8057589090954,255.7846734539387,214.87018215065598,265.5200699478843,238.76976843707445,235.12485019453615,165.28003159306948,215.64073145781387,178.07548353349566
40,46.72957115868694,287.05598885077836,257.47326694602094,271.20739032467304,288.8906455502617,83.79729107031747,78.72670787261275,115.72842013879216,114.00430772172663,299.53870075609456,347.15877851544496,241.57301342783626,207.12731654268424,249.74329903676255,254.38927259049356,311.7469609665639,245.87455655049433,345.9308583190132,62.78303855044681,3.278368712584507,81.05653094161075,91.19092951644572,5.360159654865435,8.275764982637385,137.11263813003785,67.7136734892931,45.47683470869432,103.27177140898229,97.47481215721825,85.16886658479707,374.54928571878935,335.81637797676495,330.0543005170525,339.18382773850317,369.88737828357034,363.56439549870527,410.3388279058761,213.07792823540927,329.8318044273281,160.68589025641901,0.0,481.34126367127817,352.689894881411,396.4909699072278,246.79833895530317,221.06224302092863,317.9460749249683,293.7286348555782,382.31651078462414,339.92648194138775,325.2980171670865,314.37109661453144
41,432.4066440274392,338.63461024864637,271.7349171932949,354.15180169287436,335.21153737146506,251.0044762495342,140.08098138452144,329.379574614866,198.84222065806316,362.70760842841315,377.7747601525174,497.19642400585246,459.6549402826642,471.5833521175641,524.1454746440746,527.8304742494194,505.3499978305413,521.2439690057365,368.5974086872748,345.3134445625786,420.4735728804284,471.41603428415675,294.3138195162327,220.52936147103324,432.777507952958,376.0167644267508,261.0647568315633,248.1002172989219,278.99264527791365,172.42877830042988,613.4331923760435,565.7671379279451,557.1060788613246,563.2782367052721,624.1799547639207,598.4738219307629,628.9422331387839,312.2769878406374,514.3269214107769,407.0847611012177,481.34126367127817,0.0,20.63717053844777,2.316613791585964,8.92099617411113,25.074948632485597,12.765854684472947,14.993072274240717,42.91465939424826,27.700719194989468,24.360918140051137,19.65255302936647
