,0,1,2,3,4,5,6,7,8,9,10,11,12,13,14,15,16,17,18,19,20,21,22,23,24,25,26,27,28,29,30,31,32,33,34,35,36,37,38,39,40,41,42,43,44,45,46,47,48,49,50,51
0,0.0,1730.5714509750721,1818.3309612198357,1445.3416086970683,1372.483402595981,893.1218216267829,1214.6248851989935,1187.661395540337,1310.3850770553274,1430.7151895807772,1610.2216275407404,1130.731981183696,876.9522117879031,1125.0656229460526,1093.2452786408114,1078.7144071669252,803.0483622890977,1030.7038608500725,500.44876413702883,479.7547843944609,539.4870686139359,302.0691586889544,687.7145235419728,617.207050410713,328.8852647504333,398.3586426753429,882.350759999309,1189.9013936316987,1094.7399048259676,1286.7326741917327,1186.6888293078405,1176.7158283737656,1009.982772827534,1203.4883124501773,961.5579856941769,919.7320587009623,1048.7380179015117,1961.4141304549698,1045.4155416315916,1355.7215953037958,180.9828508730089,1674.7037311077115,1351.9276964155697,1355.229821826276,906.5577468507172,817.6132806582247,1143.7842595631148,1091.0630314507305,1288.2974622069612,1176.0587580450451,985.3062804081169,985.9713065992811
1,1730.5714509750721,0.0,353.80612502467653,214.75926837811355,99.59938132967366,1275.568621290843,1328.8848023807248,1706.562927957243,1622.7843580499407,7.222699720929713,111.56150641938325,995.5491797005454,988.3697240957247,939.6706105043477,997.6749013549575,968.8039331093681,951.2270740633301,876.9295984187073,1264.3923127500652,1215.9308759977853,1115.0748897013966,1111.4553945370303,1542.4507492196565,1528.436395750731,1298.203724597704,1354.7816370071241,1231.3775408051251,1322.7800649636642,1514.8770771380641,1340.0442786806404,889.4065981371264,954.1208981891879,867.4945868368059,915.9711725410427,806.5556064819117,840.4577064233782,836.2623142846838,2174.3659958498715,886.7732619040885,1312.3842703359694,1111.7630642481668,1311.5262059424474,1264.748976156549,841.9190209387829,1407.5366566943142,1284.4559013278154,1576.7986841578022,1510.4272150980469,1596.4535881993622,1469.5903614093195,1335.1111823180315,1342.9595706838588
2,1818.3309612198357,353.80612502467653,0.0,76.49817135170915,6.152222875001295,1083.2749944383438,1117.991198122649,1525.0378315742119,1452.0576334658376,22.637290350777764,22.742792671774232,761.9577276444381,845.9931462071183,804.3104178420384,776.4082686170602,804.4441571868003,805.5050058026261,781.532602823711,1107.4493413124244,1046.7322388156147,978.4661828644774,952.251915880367,1381.9447466214656,1361.2835730626618,1172.4021819197267,1227.1618026888116,1068.9156473605835,1181.1513579229409,1364.5342387908172,1117.3951380823535,708.7087338105908,746.040178128762,736.826676385403,778.9086680660804,685.6579965336637,703.2839839294494,734.0264566646682,2093.1234981545717,724.717800926275,1196.6811742535572,997.1896749755556,1052.4248088726824,1066.5313936858822,619.2872997090382,1080.0638493105225,1018.0185706861116,1230.484797483469,1224.9592233670119,1293.2689444523362,1235.2545853791983,1137.672784877644,1102.4625247181677
3,1445.3416086970683,214.75926837811355,76.49817135170915,0.0,77.16145651879067,1218.3480631278094,1508.5149905597473,1799.7788878636816,1677.174829577913,76.71751970481235,121.33966499548521,1119.4635573848184,1046.1980419408553,1084.5554029095695,1080.6174993048403,1112.1483281028427,949.1023762167429,1079.301361115662,1238.41601187315,1172.7889917283396,1120.631023594021,1064.1228722512133,1516.164246094602,1493.448871893586,1249.5017770765373,1306.8225009966643,1222.1772242017162,1487.064047991007,1704.9497471780646,1425.3090875822568,1105.7507227208798,1090.390195364053,1019.0793027965415,1137.6242181083921,927.8168747195277,919.5268901195866,1028.8877240512588,2265.6558908367265,1072.8880660435912,1479.198724841057,1050.381706095833,1371.624029985854,1302.924000090581,1006.2514962387812,1375.2931849443985,1266.942724432292,1531.544541816125,1488.5400039722083,1663.9982077231718,1668.1313602134633,1343.901489086623,1411.4434148151959
4,1372.483402595981,99.59938132967366,6.152222875001295,77.16145651879067,0.0,1266.025120796795,1310.2326599741675,1804.7176999277376,1759.175394911858,211.16520989251794,108.268224172012,1195.701408306435,1199.2083970826998,1218.292723320093,1208.8833489668586,1114.292118775248,1134.1453572902112,1182.1566357660397,1384.3439156113398,1188.1794768709913,1262.5254023718335,1233.025137129123,1540.142236805998,1568.826772446865,1407.941647677193,1500.9001958963643,1273.7817661306922,1375.6552276359594,1721.762656391945,1515.4753925653135,1206.1180146303261,1220.5164251153471,1127.8883634049587,1185.0608563380706,1072.3610525023182,1068.7637940594275,1165.4731450166294,2477.604665311331,1059.1264277844612,1602.5829906573774,1118.8686590912735,1298.2687016962693,1238.7211307713417,874.6113006295212,1446.0567366472258,1365.0917278313639,1532.563064620996,1483.903698203424,1668.0805045179068,1651.8318805655604,1286.5217721524853,1299.6331323520858
5,893.1218216267829,1275.568621290843,1083.2749944383438,1218.3480631278094,1266.025120796795,0.0,356.06156590475604,675.493046664925,687.641917739347,851.0267151823599,895.499999811077,52.15877951714631,104.07402640332066,72.50320090651883,19.861192287436293,70.1996760490748,55.60285033923141,53.306120507699205,87.69676588434133,257.6433645388571,123.93610750778025,241.50327087923327,502.07812075122104,340.2635031778062,272.1222259850378,266.54353133667786,18.06765253831508,270.01852198369767,536.1010160227775,430.13798111018895,43.00886479074613,26.27642150947902,49.48473953138357,77.73182032156505,36.36633727686338,44.31161846850533,74.19172104075827,1011.1428445174448,22.153436320842346,611.8585757953922,324.545512772635,972.1361563379611,576.1832817763999,684.0755467326571,187.95670518304576,93.97008747508748,288.20357532523394,387.2920652187192,400.9923859247971,303.06656716043886,445.2673747558877,397.6498300118368
6,1214.6248851989935,1328.8848023807248,1117.991198122649,1508.5149905597473,1310.2326599741675,356.06156590475604,0.0,461.6360574460494,443.4216299736009,573.5755591903797,583.8757129761616,153.51789667834026,165.84911108782293,115.85016187172346,109.85713403630227,53.70193576706474,135.6406017778255,110.32067877803789,154.8740564880433,313.26337934280286,148.23380068464957,259.45351627859367,621.6334444096651,391.89700223568883,257.70672362049265,285.2092633477285,149.20684726960735,17.665222874950548,282.1300680215882,292.8046231548635,78.87903662452682,69.059861793819,106.97043240869685,143.50993133279152,84.44930422811758,114.68804781123389,113.35092172730742,829.7930813425887,111.23541451702005,435.0700271103891,304.90722849236545,542.5313080226426,350.45995580010305,363.1836824881573,118.5745964690042,115.49847034000973,265.9955112608079,280.4469834550026,407.0587168993038,254.6916144547579,349.9981474483462,346.16055597350726
7,1187.661395540337,1706.562927957243,1525.0378315742119,1799.7788878636816,1804.7176999277376,675.493046664925,461.6360574460494,0.0,985.8585421513632,1182.776299441307,1203.8326011180238,546.4801651500695,469.5467238434002,527.0340464146007,514.7206599701929,531.476218662428,430.56594590643243,467.36373089387223,398.34965157530854,626.8419330589012,358.4324136506643,564.7308025885992,789.9134606847347,403.0753593390892,653.8381908587282,416.60653576284693,621.2133027066914,593.5347092847508,142.9698415091923,768.3511102101274,541.7199722426315,557.792588850337,483.6615122994502,541.0877302722224,448.39462106449525,436.57387881466434,502.07993533682344,1064.7092795085312,480.3208932516798,531.3077329301392,448.2142438804371,1275.681607064259,876.2721852710924,997.1514049398354,588.7608617083908,495.6296627716772,753.8761640086965,719.4262408430452,772.3217687101925,668.8395747971848,844.3910692859854,710.0808734222297
8,1310.3850770553274,1622.7843580499407,1452.0576334658376,1677.174829577913,1759.175394911858,687.641917739347,443.4216299736009,985.8585421513632,0.0,826.9269995599526,833.441082499826,569.5962780144164,544.7996068811642,406.066403927493,546.4060917137336,467.63577824799313,474.2508437625196,374.2413298075586,448.63638621184725,457.0986688623927,458.18284846069196,510.04655301776205,678.1557911299834,396.43865702217795,456.0579171239782,326.9638831091751,451.85475142257724,501.20084718234057,670.680303239926,68.16978109356111,485.04154232743184,512.0586726221596,479.1738032732397,531.535468362015,421.3760759443901,450.3112370710878,463.4886454369201,1042.2858380580644,402.854385700746,721.7385983128909,441.53678520215277,770.1126091315791,593.3371939238955,549.823783635763,329.63450269000754,335.2663178644735,590.7476915078398,637.7642713713877,518.5271799152072,471.93386176888094,415.3606246705194,447.1901209507702
9,1430.7151895807772,7.222699720929713,22.637290350777764,76.71751970481235,211.16520989251794,851.0267151823599,573.5755591903797,1182.776299441307,826.9269995599526,0.0,145.29969597897463,1054.091428676025,1020.9943396257739,982.8300742686583,1050.5925107963524,1041.1058897624107,955.3503233736216,981.006833089355,1333.0648889775532,1279.7894849260413,1180.1525829634218,1161.5326019484132,1612.7982247139114,1584.8050239925842,1350.3252675277747,1395.1535966723868,1289.20918700453,1472.8073220592617,1612.486093966503,1409.8429968290977,960.880290022031,998.7058722374411,906.0166587809028,1016.2210875788729,839.3432722667183,850.7747888856464,886.1501073121573,2247.8022871586227,969.8518767128035,1393.1728643024962,1160.1083995729614,1404.760526985965,1333.4570479002161,939.8958021029238,1451.839563593117,1333.2187933286875,1628.6135479686448,1542.1039904153067,1686.9976409780124,1593.5519025462775,1425.7449527627527,1425.9734474181455
10,1610.2216275407404,111.56150641938325,22.742792671774232,121.33966499548521,108.268224172012,895.499999811077,583.8757129761616,1203.8326011180238,833.441082499826,145.29969597897463,0.0,1158.7266593825636,1182.044590065483,1118.57394415872,1135.8935036639243,1047.2611131914498,1101.5239019405362,1087.061678304931,1462.0194498551089,1430.7342811146873,1340.9024870922865,1337.3916957237288,1761.283260340546,1600.7065882151815,1462.1412459009362,1540.338506698704,1366.9017735363998,1440.5017965748289,1712.3454774439908,1468.3092605854101,1095.606034934998,1126.5397762538214,1108.3556074911896,1143.2083659516702,1022.1681465807263,1049.7366855395233,1131.3975861964857,2496.987808137169,974.1849097837622,1489.057577233029,1344.5401676800273,1463.1153546882015,1344.5208211325605,1012.3130354323326,1481.3531894573534,1415.9706502995077,1685.1511451140893,1593.173825564625,1739.5029938737332,1685.1769886241664,1403.5953151527535,1408.5781370051875
11,1130.731981183696,995.5491797005454,761.9577276444381,1119.4635573848184,1195.701408306435,52.15877951714631,153.51789667834026,546.4801651500695,569.5962780144164,1054.091428676025,1158.7266593825636,0.0,209.99530522598647,174.4382688996722,8.883562095162699,162.6829940426407,138.259064022224,180.92556399085748,665.8165074807646,1073.4898060583005,609.3967864535095,862.7231283192878,1414.6711489100203,1126.3115344920272,1049.9395350497368,971.3981024815308,665.5354649000383,911.4744323266782,1317.8665216491581,1218.3807464435224,78.04731862089159,88.91288155768983,39.633241378585026,47.76011877914639,18.608931596636662,27.801752883163637,83.41909789414404,1860.399128244811,260.8820027312091,895.3031364105722,935.6082578991505,1925.6334699685483,1369.8411186416,1503.7461319460233,1019.335006412682,847.3735571521817,1268.865096936017,1239.7102644543613,1473.1485545354876,1198.1292515064451,1341.9749936780834,1286.3443262050816
12,876.9522117879031,988.3697240957247,845.9931462071183,1046.1980419408553,1199.2083970826998,104.07402640332066,165.84911108782293,469.5467238434002,544.7996068811642,1020.9943396257739,1182.044590065483,209.99530522598647,0.0,82.60461823375347,148.9153436170398,180.17928652821013,5.374118638950493,109.95790427063244,515.5900961259649,958.6977915013514,463.43193528214164,738.9509217274085,1318.6977517805594,897.8755689942278,878.2932904141126,768.2110498899287,579.2762742574713,792.7877701168654,1085.7528161687198,1083.6480528508441,97.91381984224168,108.95089633466837,20.33192731127023,82.22534995299276,32.582829878566905,8.016461456419073,48.42616313271585,1717.5927635657017,159.1959462223778,765.8171220118229,802.200647514448,1780.2359287167233,1190.7934480689898,1409.3731610636362,894.828981116342,727.2487902224879,1100.4891292880684,1054.636191273282,1258.1822144275482,998.7845722261119,1158.3349143783742,1136.0911032663437
13,1125.0656229460526,939.6706105043477,804.3104178420384,1084.5554029095695,1218.292723320093,72.50320090651883,115.85016187172346,527.0340464146007,406.066403927493,982.8300742686583,1118.57394415872,174.4382688996722,82.60461823375347,0.0,167.15402808918714,139.43414897291058,38.403059229958025,40.47313746466288,628.0030535122663,1101.6474200925827,528.6136056984147,921.852797407876,1369.5793127259542,985.5174097046065,1041.3321681409561,885.7890590294662,619.7910001439778,838.587172600549,1126.2232834280248,1017.511143507637,56.62884694214534,56.39757528517926,28.464439136434187,56.118264398181275,19.372208908479678,5.377773923979531,28.566268566486357,1673.8752251249866,94.2218775394055,762.4137538583581,967.2516379962804,1826.4344690999937,1248.2766055031375,1444.2170292769467,973.4690107424199,785.9389924084945,1161.2901459440307,1147.5024251312113,1335.9347639177797,1049.2053617111983,1211.0614322117628,1160.2494959939295
14,1093.2452786408114,997.6749013549575,776.4082686170602,1080.6174993048403,1208.8833489668586,19.861192287436293,109.85713403630227,514.7206599701929,546.4060917137336,1050.5925107963524,1135.8935036639243,8.883562095162699,148.9153436170398,167.15402808918714,0.0,138.0639301153965,120.74851254678693,172.38314946655422,737.4966563104232,1170.9570595713797,655.6764127069628,935.4493472879018,1553.124895658914,1154.4348065490083,1115.0887196724022,1026.6425766274558,725.5782701491469,977.8497993543077,1362.95002277893,1227.1855219884037,57.440199465437686,50.39528883508504,52.82080852223264,55.53428152588252,30.55209712026156,26.770630426669825,52.38042068318515,1945.157872611195,244.06041117657315,903.2808490241015,985.2454161968006,2030.006694286483,1432.4493344531809,1623.0880543678668,1090.9278475497501,914.7918145476838,1374.648607764229,1313.691086921858,1538.2183667146678,1220.1752668509337,1417.206910221724,1368.9114051782983
15,1078.7144071669252,968.8039331093681,804.4441571868003,1112.1483281028427,1114.292118775248,70.1996760490748,53.70193576706474,531.476218662428,467.63577824799313,1041.1058897624107,1047.2611131914498,162.6829940426407,180.17928652821013,139.43414897291058,138.0639301153965,0.0,214.00261607817808,182.13881353656697,975.1065761017248,1369.7846129996196,871.5325992363178,1221.3213383053712,1728.3689255436652,1323.042073336089,1338.2747513823715,1204.8930278191337,831.0881815188626,1001.3065869761405,1347.0559907339446,1411.0188188721856,74.75451401988408,59.174784035611864,97.60046915069987,161.9239583830509,44.42582200348501,116.75742741929392,76.37342858676588,2155.218395831106,161.52811602736045,908.5767870589489,1207.3907880542758,2044.278636388764,1510.1244079701885,1608.0385134211188,1120.4711047201554,982.8858372927394,1448.0305500289046,1406.4996437657,1644.2507832416923,1311.1622895408757,1513.3583690939915,1461.725799100852
16,803.0483622890977,951.2270740633301,805.5050058026261,949.1023762167429,1134.1453572902112,55.60285033923141,135.6406017778255,430.56594590643243,474.2508437625196,955.3503233736216,1101.5239019405362,138.259064022224,5.374118638950493,38.403059229958025,120.74851254678693,214.00261607817808,0.0,92.3906221654143,617.5072554356967,1127.7461509642706,562.5774810595697,823.2934281107182,1447.8498782444506,1033.4945966580335,950.2330649978124,869.4449713707221,714.1629218801697,936.2978852852526,1199.873383095681,1255.1839180025788,121.1154736512566,175.78422226351412,46.64931163936641,71.08213189982847,32.396040392801225,18.58930781893486,101.37794934949375,1867.8541196935562,279.5942149778509,815.5692710304323,952.2680627761985,1957.2121256036407,1358.048338541052,1551.2876205811663,1054.5640277225323,854.7198180197109,1243.3407553213835,1187.3419829127151,1397.9653350695069,1140.2497767382467,1284.301375473254,1226.6584502277503
17,1030.7038608500725,876.9295984187073,781.532602823711,1079.301361115662,1182.1566357660397,53.306120507699205,110.32067877803789,467.36373089387223,374.2413298075586,981.006833089355,1087.061678304931,180.92556399085748,109.95790427063244,40.47313746466288,172.38314946655422,182.13881353656697,92.3906221654143,0.0,868.7291007711699,1419.6972654213798,768.2219366678983,1238.925477626739,1737.1325236654668,1253.1155221393303,1325.013387763526,1142.6127179570908,875.8712497142177,1014.2167361415852,1305.9857123469296,1336.7980266721468,127.66875179233638,148.54677429708784,186.7982896946049,143.6850353793766,106.14412514205846,136.77996068368807,119.27463746259647,2041.0253062700108,62.892010164721185,806.1778262496209,1339.7844532087756,2018.7692112702728,1419.104528118687,1630.8443521481095,1097.828209315363,945.0977542215521,1349.7178436876675,1304.2171620561915,1619.4203559417565,1275.9983711629013,1448.7957847484806,1416.8951764587669
18,500.44876413702883,1264.3923127500652,1107.4493413124244,1238.41601187315,1384.3439156113398,87.69676588434133,154.8740564880433,398.34965157530854,448.63638621184725,1333.0648889775532,1462.0194498551089,665.8165074807646,515.5900961259649,628.0030535122663,737.4966563104232,975.1065761017248,617.5072554356967,868.7291007711699,0.0,301.32150705276274,63.88211043989349,149.15703571196929,834.1608123385502,557.2934310142574,304.6097875937073,170.95124032349278,402.70583822033535,891.1250299126597,777.647015886285,1075.4834421247951,695.3991090053717,623.376944203097,584.4091739444905,719.535724443583,569.4679856021103,494.0578675976716,625.6503422305625,1447.2933236875874,694.4869070370842,940.3917149204266,243.15766273017874,1427.5716253010241,1064.0102502228194,1117.8120263772346,603.52384363702,492.6448655594085,783.9363820988387,616.377698661329,1122.476386346752,969.05074807345,780.3892933275297,745.9408707722368
19,479.7547843944609,1215.9308759977853,1046.7322388156147,1172.7889917283396,1188.1794768709913,257.6433645388571,313.26337934280286,626.8419330589012,457.0986688623927,1279.7894849260413,1430.7342811146873,1073.4898060583005,958.6977915013514,1101.6474200925827,1170.9570595713797,1369.7846129996196,1127.7461509642706,1419.6972654213798,301.32150705276274,0.0,307.2405832791183,4.934695641613356,504.90589763483274,626.5892707309744,135.02830991370618,378.8486518024384,494.67754414600205,929.2078102786098,1009.6549256790512,870.57922550234,734.9677153417242,667.6267115912946,665.9179929384642,782.7499711045076,631.5391126162683,633.577557100505,711.8601789778753,1759.269032404525,628.3358866230838,1126.309957529575,12.697067426567243,1337.3932200123847,1046.7199778019976,1013.9106862112147,561.2200527860842,584.7094440194364,857.7605195927649,781.6217890579655,978.0590828220666,869.5783479720824,671.0133647859552,691.6027955419424
20,539.4870686139359,1115.0748897013966,978.4661828644774,1120.631023594021,1262.5254023718335,123.93610750778025,148.23380068464957,358.4324136506643,458.18284846069196,1180.1525829634218,1340.9024870922865,609.3967864535095,463.43193528214164,528.6136056984147,655.6764127069628,871.5325992363178,562.5774810595697,768.2219366678983,63.88211043989349,307.2405832791183,0.0,222.06811367002504,943.7651858484903,730.7274269251019,425.53307921423635,360.87513132504506,505.4463131051571,931.6900363739187,862.7729405330203,1109.0997613872576,601.6771538224814,572.2941014118725,526.3069562986846,656.9572441929149,514.0043023073705,459.7536474719744,543.832209535657,1531.0591273152088,641.7056340265908,836.1587133142525,313.9305944382046,1628.4871452862299,1238.0618923049692,1350.3798164044395,827.1384695766891,683.2930858944854,969.7981919400115,780.5080652837374,1238.0435383430065,1007.0641511035622,884.5642826435234,876.6191838348881
21,302.0691586889544,1111.4553945370303,952.251915880367,1064.1228722512133,1233.025137129123,241.50327087923327,259.45351627859367,564.7308025885992,510.04655301776205,1161.5326019484132,1337.3916957237288,862.7231283192878,738.9509217274085,921.852797407876,935.4493472879018,1221.3213383053712,823.2934281107182,1238.925477626739,149.15703571196929,4.934695641613356,222.06811367002504,0.0,936.2911241780499,1000.5811360034892,210.12400470689704,711.165574837562,838.496199915637,1377.3899286600818,1286.930277186366,1624.163171648041,1383.3624052079176,1257.8093117118997,1237.146150876201,1461.0303584345845,1210.4709801988292,1143.0064113076216,1322.0129210413184,2378.8619137329047,1275.2312780271538,1520.1242535674662,353.18095134236864,1825.7864499176844,1546.241350892266,1389.0652999518409,1040.377401564774,1001.7066813844737,1227.2103738884146,1073.6702016287243,1343.0354497241933,1151.1207233717314,1033.9977593216677,994.098201112551
22,687.7145235419728,1542.4507492196565,1381.9447466214656,1516.164246094602,1540.142236805998,502.07812075122104,621.6334444096651,789.9134606847347,678.1557911299834,1612.7982247139114,1761.283260340546,1414.6711489100203,1318.6977517805594,1369.5793127259542,1553.124895658914,1728.3689255436652,1447.8498782444506,1737.1325236654668,834.1608123385502,504.90589763483274,943.7651858484903,936.2911241780499,0.0,275.14379157279717,1.6151778524803717,179.13877346337807,314.86597318468773,709.6339046454283,638.324143265152,543.7050951093775,589.7668502428675,483.30765262448466,462.10245621730076,559.3621224464483,473.20631886729404,396.724550158901,525.2597023409968,991.2258523698814,452.33096112698297,768.2622441831617,20.759809076306723,1139.8725215450647,788.0431368704295,839.3484416848031,441.55742776151595,418.91871268904293,598.0961025659717,574.1701503327524,640.0904456501661,633.2908113378389,388.15853738002664,431.14394120388954
23,617.207050410713,1528.436395750731,1361.2835730626618,1493.448871893586,1568.826772446865,340.2635031778062,391.89700223568883,403.0753593390892,396.43865702217795,1584.8050239925842,1600.7065882151815,1126.3115344920272,897.8755689942278,985.5174097046065,1154.4348065490083,1323.042073336089,1033.4945966580335,1253.1155221393303,557.2934310142574,626.5892707309744,730.7274269251019,1000.5811360034892,275.14379157279717,0.0,52.04382517204475,0.0,71.59964626045458,314.6642576579142,120.12211509197444,422.42395597996244,134.10839868422832,108.02707458489408,107.02462816457958,182.7225359778229,81.92170836992892,54.18268792066297,125.70375880477403,694.7065820757298,114.21259677004326,355.9560784655541,32.0518999548811,854.106544327067,590.178417192489,604.2637055531533,189.23890754553236,160.77660407499164,285.95894861440644,207.88085781918454,265.89725704936114,218.9015752003841,285.3215456534043,235.44905270410007
24,328.8852647504333,1298.203724597704,1172.4021819197267,1249.5017770765373,1407.941647677193,272.1222259850378,257.70672362049265,653.8381908587282,456.0579171239782,1350.3252675277747,1462.1412459009362,1049.9395350497368,878.2932904141126,1041.3321681409561,1115.0887196724022,1338.2747513823715,950.2330649978124,1325.013387763526,304.6097875937073,135.02830991370618,425.53307921423635,210.12400470689704,1.6151778524803717,52.04382517204475,0.0,533.8244786106384,673.4075047148087,1230.414354980562,1242.0221069450442,1452.1696670520253,1277.4927795791673,1093.233952976129,1093.5252522642086,1318.8000226164395,1056.691088961925,999.6631301433932,1205.3385925415848,2191.7597285722563,1040.0087096948919,1376.9705140704575,531.0349640322006,1676.1400809149536,1412.3338745231513,1299.283197789342,820.2005170870178,925.1112404782515,1027.3213004506683,937.569209233445,1242.6189126773013,1179.7119637732546,884.8930770356463,927.0907689762248
25,398.3586426753429,1354.7816370071241,1227.1618026888116,1306.8225009966643,1500.9001958963643,266.54353133667786,285.2092633477285,416.60653576284693,326.9638831091751,1395.1535966723868,1540.338506698704,971.3981024815308,768.2110498899287,885.7890590294662,1026.6425766274558,1204.8930278191337,869.4449713707221,1142.6127179570908,170.95124032349278,378.8486518024384,360.87513132504506,711.165574837562,179.13877346337807,0.0,533.8244786106384,0.0,339.7170891725069,794.778681387667,661.3425966642526,1026.4267813432218,697.2444105986962,688.1558817987225,587.2624296253466,691.0170976683441,539.9974698100344,470.2134188031265,636.8741162888733,1254.465067664152,700.1560498537789,879.4388586802178,262.25392973455877,1456.3066665196038,1069.404043820546,1077.4959453043311,644.0611315816493,578.5903424617075,800.0581648381524,598.0563860465383,983.3164355455267,895.4124730960698,688.1758769529847,693.008407857323
26,882.350759999309,1231.3775408051251,1068.9156473605835,1222.1772242017162,1273.7817661306922,18.06765253831508,149.20684726960735,621.2133027066914,451.85475142257724,1289.20918700453,1366.9017735363998,665.5354649000383,579.2762742574713,619.7910001439778,725.5782701491469,831.0881815188626,714.1629218801697,875.8712497142177,402.70583822033535,494.67754414600205,505.4463131051571,838.496199915637,314.86597318468773,71.59964626045458,673.4075047148087,339.7170891725069,0.0,273.58975793985326,393.24089409278395,572.2738689659178,34.11349108060743,22.05974895253748,6.355873302479974,33.55702969216622,4.47760943715287,12.16840312308324,19.3810560927295,1004.7343109910568,46.54440781831802,473.9024193371429,176.1310234650005,1011.0994554903336,513.7958471911137,743.576576276494,294.39583449652343,201.39724778176503,441.60381682025206,336.5575272955252,502.076653824018,236.92416720289896,393.2121805943532,359.50704391104284
27,1189.9013936316987,1322.7800649636642,1181.1513579229409,1487.064047991007,1375.6552276359594,270.01852198369767,17.665222874950548,593.5347092847508,501.20084718234057,1472.8073220592617,1440.5017965748289,911.4744323266782,792.7877701168654,838.587172600549,977.8497993543077,1001.3065869761405,936.2978852852526,1014.2167361415852,891.1250299126597,929.2078102786098,931.6900363739187,1377.3899286600818,709.6339046454283,314.6642576579142,1230.414354980562,794.778681387667,273.58975793985326,0.0,518.5443641796702,713.4430953013053,75.08808475553768,84.76731156280728,47.40832403909862,89.2069476828096,34.00164743812814,46.851350496100984,47.63644967461664,1057.746219329408,32.51031484619613,558.6665875967767,399.96985080032755,960.8880097891654,553.910063261343,666.5693794497088,306.0018539744385,227.6948696899366,527.6781200322786,438.627136363023,690.8762907105558,429.4249487856251,560.107541506194,574.2164746504488
28,1094.7399048259676,1514.8770771380641,1364.5342387908172,1704.9497471780646,1721.762656391945,536.1010160227775,282.1300680215882,142.9698415091923,670.680303239926,1612.486093966503,1712.3454774439908,1317.8665216491581,1085.7528161687198,1126.2232834280248,1362.95002277893,1347.0559907339446,1199.873383095681,1305.9857123469296,777.647015886285,1009.6549256790512,862.7729405330203,1286.930277186366,638.324143265152,120.12211509197444,1242.0221069450442,661.3425966642526,393.24089409278395,518.5443641796702,0.0,792.4303310022632,197.09949861399676,211.13977256129152,152.00143091492725,235.6538152613931,145.99267048282175,140.76111293033898,153.99436252771562,1064.345298634958,160.03877883911653,406.18616980296906,377.51832415960246,1080.5338688757129,752.1598939787807,760.5008167641643,508.20021414022614,413.56134913293,652.3686511731748,548.1110213084543,618.5904392997309,435.33867519252584,553.1810706349451,537.1135921818751
29,1286.7326741917327,1340.0442786806404,1117.3951380823535,1425.3090875822568,1515.4753925653135,430.13798111018895,292.8046231548635,768.3511102101274,68.16978109356111,1409.8429968290977,1468.3092605854101,1218.3807464435224,1083.6480528508441,1017.511143507637,1227.1855219884037,1411.0188188721856,1255.1839180025788,1336.7980266721468,1075.4834421247951,870.57922550234,1109.0997613872576,1624.163171648041,543.7050951093775,422.42395597996244,1452.1696670520253,1026.4267813432218,572.2738689659178,713.4430953013053,792.4303310022632,0.0,136.53371832640647,100.88613933359356,111.2792780818584,126.0673666849242,75.63281046372269,90.41570458003096,83.5412223912199,1160.1118742788267,76.00919409900203,530.8877502110342,329.85760189828056,667.8137867644558,452.9416267489526,440.0121084396472,183.37545026821098,120.90707242852079,414.9596652899029,352.3501419183886,505.0449444663052,326.4186031240011,394.0939534296409,348.8113367561094
30,1186.6888293078405,889.4065981371264,708.7087338105908,1105.7507227208798,1206.1180146303261,43.00886479074613,78.87903662452682,541.7199722426315,485.04154232743184,960.880290022031,1095.606034934998,78.04731862089159,97.91381984224168,56.62884694214534,57.440199465437686,74.75451401988408,121.1154736512566,127.66875179233638,695.3991090053717,734.9677153417242,601.6771538224814,1383.3624052079176,589.7668502428675,134.10839868422832,1277.4927795791673,697.2444105986962,34.11349108060743,75.08808475553768,197.09949861399676,136.53371832640647,0.0,185.40752410980957,72.91752158908396,145.71889442973804,17.992524201543596,93.77094612473702,54.01474584224354,2251.8247417788375,385.3765081033915,990.453792259276,1450.623145922755,2375.8165380832675,1780.6816663067818,1919.7570435175192,1414.4361800108427,1202.3089412991158,1697.241874338353,1629.81652376428,1912.796017003729,1527.3602130583445,1754.7508394371016,1694.0805626411536
31,1176.7158283737656,954.1208981891879,746.040178128762,1090.390195364053,1220.5164251153471,26.27642150947902,69.059861793819,557.792588850337,512.0586726221596,998.7058722374411,1126.5397762538214,88.91288155768983,108.95089633466837,56.39757528517926,50.39528883508504,59.174784035611864,175.78422226351412,148.54677429708784,623.376944203097,667.6267115912946,572.2941014118725,1257.8093117118997,483.30765262448466,108.02707458489408,1093.233952976129,688.1558817987225,22.05974895253748,84.76731156280728,211.13977256129152,100.88613933359356,185.40752410980957,0.0,100.08812287158042,155.13848177052424,66.22138154722546,78.32506998148615,68.86553016529872,2196.131708321749,241.80875460545218,968.3393479790009,1300.6112392877055,2191.2067030263665,1608.4429518126617,1751.908629110217,1217.7598748089338,1063.839633166126,1546.1913131830852,1495.1813617962875,1754.0770569314195,1412.2222400603962,1607.9884220420352,1564.7910623296323
32,1009.982772827534,867.4945868368059,736.826676385403,1019.0793027965415,1127.8883634049587,49.48473953138357,106.97043240869685,483.6615122994502,479.1738032732397,906.0166587809028,1108.3556074911896,39.633241378585026,20.33192731127023,28.464439136434187,52.82080852223264,97.60046915069987,46.64931163936641,186.7982896946049,584.4091739444905,665.9179929384642,526.3069562986846,1237.146150876201,462.10245621730076,107.02462816457958,1093.5252522642086,587.2624296253466,6.355873302479974,47.40832403909862,152.00143091492725,111.2792780818584,72.91752158908396,100.08812287158042,0.0,58.52009052799686,15.50218336505501,28.540899803657517,2.287508451674455,2088.9995476251543,280.20601557397663,877.7900473623176,1278.2948092466825,2157.662565500826,1580.3281599322445,1755.0349802719063,1241.8693547842645,1034.4472140081236,1514.3063102112715,1469.5071862686048,1705.502624947016,1355.6460682848774,1562.0331856992627,1509.7805537426325
33,1203.4883124501773,915.9711725410427,778.9086680660804,1137.6242181083921,1185.0608563380706,77.73182032156505,143.50993133279152,541.0877302722224,531.535468362015,1016.2210875788729,1143.2083659516702,47.76011877914639,82.22534995299276,56.118264398181275,55.53428152588252,161.9239583830509,71.08213189982847,143.6850353793766,719.535724443583,782.7499711045076,656.9572441929149,1461.0303584345845,559.3621224464483,182.7225359778229,1318.8000226164395,691.0170976683441,33.55702969216622,89.2069476828096,235.6538152613931,126.0673666849242,145.71889442973804,155.13848177052424,58.52009052799686,0.0,37.40442268627235,30.106090288495185,5.662924596939803,2104.4707682082208,266.8849313043959,907.6626389091139,1313.653316134108,2181.567230040598,1578.1285532919753,1766.397844654974,1244.9230964524136,1029.463976022964,1517.2759830015261,1478.914276253874,1717.20307523181,1366.0653948547488,1568.1841470554864,1510.5807696769693
34,961.5579856941769,806.5556064819117,685.6579965336637,927.8168747195277,1072.3610525023182,36.36633727686338,84.44930422811758,448.39462106449525,421.3760759443901,839.3432722667183,1022.1681465807263,18.608931596636662,32.582829878566905,19.372208908479678,30.55209712026156,44.42582200348501,32.396040392801225,106.14412514205846,569.4679856021103,631.5391126162683,514.0043023073705,1210.4709801988292,473.20631886729404,81.92170836992892,1056.691088961925,539.9974698100344,4.47760943715287,34.00164743812814,145.99267048282175,75.63281046372269,17.992524201543596,66.22138154722546,15.50218336505501,37.40442268627235,0.0,94.65550066258432,62.89267308938994,2257.6150824080314,460.59764940013815,1033.6682887844643,1432.5676560645911,2417.438569837164,1807.2573163730212,1975.7689431933595,1454.5226186154598,1208.4463733196274,1740.9485406981787,1673.1505990757446,1952.1400716635162,1569.3201645195225,1779.9392276158642,1695.2754202960268
35,919.7320587009623,840.4577064233782,703.2839839294494,919.5268901195866,1068.7637940594275,44.31161846850533,114.68804781123389,436.57387881466434,450.3112370710878,850.7747888856464,1049.7366855395233,27.801752883163637,8.016461456419073,5.377773923979531,26.770630426669825,116.75742741929392,18.58930781893486,136.77996068368807,494.0578675976716,633.577557100505,459.7536474719744,1143.0064113076216,396.724550158901,54.18268792066297,999.6631301433932,470.2134188031265,12.16840312308324,46.851350496100984,140.76111293033898,90.41570458003096,93.77094612473702,78.32506998148615,28.540899803657517,30.106090288495185,94.65550066258432,0.0,41.00083349918162,2176.1729262271188,442.67114406202177,995.5907449170495,1408.0788490404523,2317.8791454789484,1723.0116616927285,1882.7257724009928,1355.6764098660317,1135.9404116951382,1608.6241810122547,1555.5312924285722,1831.0372322160697,1464.7356976930575,1663.9723545011798,1606.2661802773898
36,1048.7380179015117,836.2623142846838,734.0264566646682,1028.8877240512588,1165.4731450166294,74.19172104075827,113.35092172730742,502.07993533682344,463.4886454369201,886.1501073121573,1131.3975861964857,83.41909789414404,48.42616313271585,28.566268566486357,52.38042068318515,76.37342858676588,101.37794934949375,119.27463746259647,625.6503422305625,711.8601789778753,543.832209535657,1322.0129210413184,525.2597023409968,125.70375880477403,1205.3385925415848,636.8741162888733,19.3810560927295,47.63644967461664,153.99436252771562,83.5412223912199,54.01474584224354,68.86553016529872,2.287508451674455,5.662924596939803,62.89267308938994,41.00083349918162,0.0,2316.631967159867,468.7146157294724,1085.332943029589,1589.2354467817295,2435.8827946730134,1816.5904652664908,1998.170852228219,1488.6383515404784,1217.6275950871268,1751.195493484213,1690.0384692074388,2026.5161948363757,1607.634612016438,1824.1847846100052,1766.3610490634862
37,1961.4141304549698,2174.3659958498715,2093.1234981545717,2265.6558908367265,2477.604665311331,1011.1428445174448,829.7930813425887,1064.7092795085312,1042.2858380580644,2247.8022871586227,2496.987808137169,1860.399128244811,1717.5927635657017,1673.8752251249866,1945.157872611195,2155.218395831106,1867.8541196935562,2041.0253062700108,1447.2933236875874,1759.269032404525,1531.0591273152088,2378.8619137329047,991.2258523698814,694.7065820757298,2191.7597285722563,1254.465067664152,1004.7343109910568,1057.746219329408,1064.345298634958,1160.1118742788267,2251.8247417788375,2196.131708321749,2088.9995476251543,2104.4707682082208,2257.6150824080314,2176.1729262271188,2316.631967159867,0.0,745.9511862367162,1041.666962397045,825.2472675001192,1209.4435733106047,904.8830966866492,1009.9735981795587,764.8876142298661,715.3132940799325,900.110830821855,854.4834141550353,922.1994037427155,701.6145102227661,803.2594868579657,804.7487924010444
38,1045.4155416315916,886.7732619040885,724.717800926275,1072.8880660435912,1059.1264277844612,22.153436320842346,111.23541451702005,480.3208932516798,402.854385700746,969.8518767128035,974.1849097837622,260.8820027312091,159.1959462223778,94.2218775394055,244.06041117657315,161.52811602736045,279.5942149778509,62.892010164721185,694.4869070370842,628.3358866230838,641.7056340265908,1275.2312780271538,452.33096112698297,114.21259677004326,1040.0087096948919,700.1560498537789,46.54440781831802,32.51031484619613,160.03877883911653,76.00919409900203,385.3765081033915,241.80875460545218,280.20601557397663,266.8849313043959,460.59764940013815,442.67114406202177,468.7146157294724,745.9511862367162,0.0,1023.3194866780489,1277.4330855965836,1991.9796011300696,1446.5646870421945,1548.093945355328,1118.5482929270847,1022.8765894207535,1373.3311010002722,1328.0742990503463,1525.4480241439262,1206.9483334895097,1431.358714590168,1307.5417912799767
39,1355.7215953037958,1312.3842703359694,1196.6811742535572,1479.198724841057,1602.5829906573774,611.8585757953922,435.0700271103891,531.3077329301392,721.7385983128909,1393.1728643024962,1489.057577233029,895.3031364105722,765.8171220118229,762.4137538583581,903.2808490241015,908.5767870589489,815.5692710304323,806.1778262496209,940.3917149204266,1126.309957529575,836.1587133142525,1520.1242535674662,768.2622441831617,355.9560784655541,1376.9705140704575,879.4388586802178,473.9024193371429,558.6665875967767,406.18616980296906,530.8877502110342,990.453792259276,968.3393479790009,877.7900473623176,907.6626389091139,1033.6682887844643,995.5907449170495,1085.332943029589,1041.666962397045,1023.3194866780489,0.0,622.3337769336235,1576.6325002398407,1167.7564524680408,1335.4269619313366,990.6497805022068,832.1886370660446,1028.3548089919843,924.7513367345907,910.6346290829524,640.126809820594,835.1729617000988,689.6833820930618
40,180.9828508730089,1111.7630642481668,997.1896749755556,1050.381706095833,1118.8686590912735,324.545512772635,304.90722849236545,448.2142438804371,441.53678520215277,1160.1083995729614,1344.5401676800273,935.6082578991505,802.200647514448,967.2516379962804,985.2454161968006,1207.3907880542758,952.2680627761985,1339.7844532087756,243.15766273017874,12.697067426567243,313.9305944382046,353.18095134236864,20.759809076306723,32.0518999548811,531.0349640322006,262.25392973455877,176.1310234650005,399.96985080032755,377.51832415960246,329.85760189828056,1450.623145922755,1300.6112392877055,1278.2948092466825,1313.653316134108,1432.5676560645911,1408.0788490404523,1589.2354467817295,825.2472675001192,1277.4330855965836,622.3337769336235,0.0,1864.2266980412933,1365.9620892513499,1535.6029233723195,955.8458566455424,856.170385695313,1231.3998531764178,1137.6061110998937,1480.705479248978,1316.5296034938708,1259.8738030424206,1217.5540217170428
41,1674.7037311077115,1311.5262059424474,1052.4248088726824,1371.624029985854,1298.2687016962693,972.1361563379611,542.5313080226426,1275.681607064259,770.1126091315791,1404.760526985965,1463.1153546882015,1925.6334699685483,1780.2359287167233,1826.4344690999937,2030.006694286483,2044.278636388764,1957.2121256036407,2018.7692112702728,1427.5716253010241,1337.3932200123847,1628.4871452862299,1825.7864499176844,1139.8725215450647,854.106544327067,1676.1400809149536,1456.3066665196038,1011.0994554903336,960.8880097891654,1080.5338688757129,667.8137867644558,2375.8165380832675,2191.2067030263665,2157.662565500826,2181.567230040598,2417.438569837164,2317.8791454789484,2435.8827946730134,1209.4435733106047,1991.9796011300696,1576.6325002398407,1864.2266980412933,0.0,79.92741780825055,8.97220663440686,34.55086961391249,97.11485846062315,49.44194259306766,58.06791922661846,166.20776114208724,107.28442412016231,94.3494302547402,76.11401059319446
