,0,1,2,3,4,5,6,7,8,9,10,11,12,13,14,15,16,17,18,19,20,21,22,23,24,25,26,27,28,29,30,31,32,33,34,35,36,37,38,39,40,41,42,43,44,45,46,47,48,49,50,51
0,0.0,516.4238781729741,523.5555538737724,505.5285237871021,367.79199114946294,360.056023828486,379.33534467610514,351.1514280891193,416.68338390045017,515.2409200134624,516.4211680944787,430.43762086633006,385.76354970928537,497.35612791333915,442.3937946153627,496.3658300856222,374.4548587154193,475.9422857022313,215.34737451294774,201.4551310677126,212.28196255920946,156.15132914174217,228.89101696079396,251.81625123255006,167.78723806733186,229.42054724612822,319.41314708366485,372.72878279580976,368.195237317985,408.85327265391066,492.51101935605266,492.53318673757275,468.22850393562607,501.5818421961337,432.3888242083264,469.792137288077,502.2910779448249,597.6508012222326,533.5485264335827,424.26343687983785,145.05829172050002,479.36374866750185,399.4467297702665,454.2601257669126,374.55074538898947,378.82100103689834,373.9627494835539,384.88801207544026,357.1182624618786,407.6923281860987,396.8672235732746,391.6747222154505
1,516.4238781729741,0.0,184.61804314680177,173.54142065912674,149.73373610179416,454.9108615307322,470.40103487065505,573.7410387896954,516.3913226721602,128.52897385534894,155.8928609417311,493.04025252535325,471.89105483819696,434.9658882740029,451.06814571997177,424.3669151502795,429.82282375042706,387.3180674896982,435.7531456697995,473.55953998712283,384.73713645255333,386.02580082321856,498.1887675340891,511.3718747557721,459.3104174914552,507.1571441792863,461.8829817370721,447.37913725410993,528.0964071451912,491.65341679606934,494.3889408030801,533.4802903407849,513.1822988573709,493.57434311165923,386.32304555769775,418.65565236462345,402.72559985210415,815.1022956000618,392.732295661087,490.21869893164506,463.667176633427,404.70973571667645,479.1535046520959,359.0666442211229,546.6452501416666,511.6257515184066,587.4556796474545,521.670131995338,554.3242641665576,541.1899985089668,528.3461441057142,476.070702102313
2,523.5555538737724,184.61804314680177,0.0,162.96604818627247,116.6897289519938,390.58552862063203,437.509507861702,517.4627580888261,478.5192519324727,155.81799971357628,130.1631180688026,433.18569536713346,409.65003033207904,412.5747829403952,414.3687200756905,397.75442498655275,398.8122709122488,366.0375188695603,399.48565123395537,473.1031327017946,368.7334224970007,362.70815958191116,451.21987310151286,443.3944595538488,433.9844987669735,464.8263772141475,414.0945408873668,426.25166164975366,495.41584394011016,441.8514570413968,472.49302773703533,495.5571316080118,459.8690711574713,462.1674522885912,374.2880008922116,399.28449305953154,374.7424836239935,780.4437632682191,355.6973260444208,429.80051571299106,481.4288522322932,378.5314371223351,436.61382869049606,324.15206466885917,508.2410459035457,461.92846619481446,522.3949819876605,461.739692526254,504.76015174484866,475.2822388373132,507.0106700566704,416.3023308974161
3,505.5285237871021,173.54142065912674,162.96604818627247,0.0,121.65058674787612,397.13507347666837,418.5425432277162,518.25568390465,431.2792671232066,129.1418737598984,107.88235150939144,423.10393142371146,398.2475743143962,402.03729097889834,403.9811021025362,412.43311217633095,390.2696156464648,428.9685164279016,389.5777036024325,398.0944329761568,366.95724637463496,358.240117273907,384.27623636110906,444.86995999506655,425.21107881653785,457.3201685403587,412.87974244515976,403.58634578687406,517.4954777228651,400.95066023679215,479.75423793757165,456.31826606642596,482.85166788727344,455.32616958015245,425.75975448700615,406.1946047940654,466.10329045100355,686.7159524926891,421.57882187386485,476.7508188911227,454.22044011629754,384.6725176626815,424.53671717293787,346.73728760830363,490.0671550057707,467.35762520553254,511.61275642637116,462.0273773604762,525.9076975063131,532.7179518900613,502.3070920315914,458.55410926993
4,367.79199114946294,149.73373610179416,116.6897289519938,121.65058674787612,0.0,75.07483529800541,61.83001034212291,92.03601913713577,65.29120269890905,8.592578318555022,4.703257533631351,80.60400337374948,79.76456974078891,77.30056143635659,80.68718511083667,82.23141365855403,80.12988192711397,77.7091741404192,77.1446776153517,69.74161936356303,75.59785274814755,76.09789643908367,65.91337476660757,83.74078824391657,75.39627712019352,77.189672920592,78.52335983371232,68.53695440752485,90.08060688170606,69.35656228880518,84.62819978700695,86.33473294032008,83.73109181017301,85.36359179987942,79.63596858988889,81.2012590761291,81.80618466229758,68.08798122414873,78.60530844715204,91.76400124475846,86.90375499732167,28.160533939273915,56.93233262950134,17.82421630464336,78.31511952939834,70.57930983852302,84.03582654934323,73.526801109627,66.5543304546024,76.67599412286278,71.80832147512045,64.21243282062237
5,360.056023828486,454.9108615307322,390.58552862063203,397.13507347666837,75.07483529800541,0.0,246.0084187858554,325.0604809804906,327.5341784896781,410.0636002472218,387.28695033284794,254.89692873723632,213.34537673620062,241.81773915858204,219.64708165208438,232.11150894248453,204.2998448220067,207.41446121240122,130.60132311481337,232.11228692445493,148.2983616372254,166.7753517447287,229.26186355767976,203.3828421725898,223.46935123635402,211.39570016213068,113.16247766867622,216.57303470643325,313.5005043609518,285.1735496375878,289.53760394096946,290.5163048596561,277.5414247192362,271.7257324588219,218.74111634274374,236.73922644508116,224.6383806580027,579.571990293073,217.43062299095828,290.04345034142307,289.5162862957263,378.73531157057874,242.68570186622378,363.3796543384087,231.90073731971623,221.95941128069813,254.73535439194325,219.85191237311648,235.26831910990606,242.29528373377065,268.6789524143793,243.8598375230088
6,379.33534467610514,470.40103487065505,437.509507861702,418.5425432277162,61.83001034212291,246.0084187858554,0.0,120.21133084141691,144.2277280812938,122.22756368766288,130.6047721003185,149.10643629879652,133.6699540918922,136.26055638066813,137.9574571076814,128.1166940697596,124.93348413584128,108.11014535809612,61.42762764333902,108.76260266946825,48.07636089891778,58.59344025608352,106.83209434528104,74.1920195933974,61.268461430112815,64.76418155125428,89.10005773113622,38.11081083745079,94.36586901756145,135.80589872638868,176.14597306317316,180.80096784988064,172.24873167310335,177.87004584087228,115.20469940576182,135.529988078614,129.7018327880511,198.3469982470244,113.39389885042618,110.70602553930362,160.4401737254654,94.11885749253022,55.31262565156995,69.34363064396953,66.54568945900235,50.53021547781581,77.96775623953593,62.24511136517042,69.16792235792896,53.84325471618207,66.11784293566497,48.5950382827289
7,351.1514280891193,573.7410387896954,517.4627580888261,518.25568390465,92.03601913713577,325.0604809804906,120.21133084141691,0.0,384.215361753943,516.033752721324,508.1352822873256,395.0705548348393,356.6207608204481,379.3802819045884,395.2532490843836,376.1998919777225,335.6334786067403,310.2360051126756,227.64732010270814,401.41621845408855,219.01001646586263,266.1363514121618,342.5926191145149,274.2928666079436,303.5074420540074,262.9003599081908,329.8377465470144,303.0607619926859,142.95725728508228,348.84981157744136,459.36537622181413,465.7963889101945,436.24221790471023,447.8949094053013,335.25534197490197,391.1524016318928,376.91379735970236,566.9561276102617,322.97921702080635,302.3342147979101,377.7715773814749,397.37099101540696,364.75265307141456,400.93314463555504,344.41721552864374,322.6520151902507,345.9070608780601,341.9591073091341,353.67587362076733,339.3404708626064,371.0987373385227,338.3390927869821
8,416.68338390045017,516.3913226721602,478.5192519324727,431.2792671232066,65.29120269890905,327.5341784896781,144.2277280812938,384.215361753943,0.0,448.3530182491403,397.44315862602684,423.170474667185,380.6412435832565,356.96835129061276,393.31641410824915,360.6856287058399,353.9098213333344,296.58153248930836,254.49882837925273,364.1266509420344,227.88474907953665,258.70968264495474,320.1962422212375,309.5837569645086,285.00648700724213,269.3558452414459,343.6572091191842,374.53428899957265,395.8477245269107,172.79628445992216,479.44913382151833,469.03066645175426,437.01328941834606,439.6706141194837,329.76789569133877,372.42393262193934,362.5895642989915,559.3291553944835,355.9940192453198,362.7118249741162,374.2133607719379,406.91400250529216,328.5295902905316,380.66511048072323,312.58443613072296,302.6673212505661,362.2577623847487,344.4012189282318,361.3385001358489,329.1890066691439,328.0393303390218,319.23230288987776
9,515.2409200134624,128.52897385534894,155.81799971357628,129.1418737598984,8.592578318555022,410.0636002472218,122.22756368766288,516.033752721324,448.3530182491403,0.0,122.99454887488166,415.11168383462905,427.0774368148718,404.81904186953193,417.5763248021545,431.6087637378645,434.2793897760353,417.29251623697746,408.751153660616,412.8214020344668,376.90278991914005,382.95436220394623,402.38599655134425,442.401229144805,442.5865496391107,464.9111330269889,408.33577178213454,396.0855334858958,481.0519542988614,400.73138520979654,464.9879431435804,457.2523248310221,471.8691973071603,473.3145909700357,401.9628817237845,397.8685875257155,434.314188430795,671.5727616896035,420.56607362275946,458.697943781983,453.6109802775615,345.88904494053475,436.73506344025196,321.16289008307615,510.6519200361864,490.32072385398357,509.4067767139953,477.9210911277221,476.31300744723,524.3805798215424,498.5155509691758,464.25205775709736
10,516.4211680944787,155.8928609417311,130.1631180688026,107.88235150939144,4.703257533631351,387.28695033284794,130.6047721003185,508.1352822873256,397.44315862602684,122.99454887488166,0.0,476.78125706421304,409.43816611736844,429.3242542767593,440.8168832982476,425.9783970526346,445.292524458464,434.84540586105857,419.0160914454335,437.7765732702302,393.87284580858216,400.26245707450875,417.6479241887791,452.3362313249281,473.7364201430558,502.58389745197996,415.0979774087314,398.8850671991177,498.2245278784459,376.5762560035386,485.2633032357806,462.2358413978441,490.24362989844997,486.98415917403605,447.62818935085335,460.0231084088168,473.3062856513892,721.9666033285041,429.7358720018387,508.2191671773904,504.76422449069213,378.7647821914968,434.85854729548515,340.5137478047837,493.79476502035095,485.9796106068399,526.7962461319152,473.39591982792433,501.4459249801164,524.1831799290019,489.7955993473043,455.5577759962291
11,430.43762086633006,493.04025252535325,433.18569536713346,423.10393142371146,80.60400337374948,254.89692873723632,149.10643629879652,395.0705548348393,423.170474667185,415.11168383462905,476.78125706421304,0.0,157.52955311818664,147.5672741002581,87.59998512403719,112.16472320393103,132.0088223386231,134.95308569260905,276.17587959206725,370.4226586654653,261.9272674194879,311.6066333643017,386.1740376152477,372.0335137904364,372.1840188453532,365.0150680835821,289.06571864814555,323.1127833348043,355.77178850402686,359.788630274374,112.34019930156072,117.26787804909434,132.10091569319667,128.84065952780946,94.37566283911603,102.55623998010991,100.14957597495427,617.3483816682325,167.76489703075924,248.89038314245158,357.5300268622968,593.9667756133318,452.5462593863157,547.9669923038083,421.2489099459108,370.28306750462514,487.6363045392762,438.4709127255041,425.489499663149,418.77640373397185,478.1215596426551,397.3737984187779
12,385.76354970928537,471.89105483819696,409.65003033207904,398.2475743143962,79.76456974078891,213.34537673620062,133.6699540918922,356.6207608204481,380.6412435832565,427.0774368148718,409.43816611736844,157.52955311818664,0.0,142.70124628124535,131.01547603813987,142.97056244939665,83.66358358635871,138.26289691708232,231.57794735172143,370.5619337234969,231.75292361246736,291.58408977346346,343.3248773168914,320.6374807917369,333.9360697275703,320.0125959668037,252.15150559233263,279.15057863369674,342.97354042631366,350.41017520306707,150.96430721411375,158.339261174923,133.88181954847462,147.28100881444496,114.37422405043482,118.64663171779215,115.76877915303643,634.8664095205705,172.36790767581283,257.2418411864966,355.94694105337607,533.7127360263034,399.2068927762049,515.8603358336732,383.87685037130336,342.2645039145627,418.6259302472774,388.027960568853,362.24914614761275,380.67540430700393,438.800093107954,364.1330501380473
13,497.35612791333915,434.9658882740029,412.5747829403952,402.03729097889834,77.30056143635659,241.81773915858204,136.26055638066813,379.3802819045884,356.96835129061276,404.81904186953193,429.3242542767593,147.5672741002581,142.70124628124535,0.0,135.67635779529243,138.95218923252733,118.6303395340582,86.26026404997423,262.8112380219424,385.8302390260737,236.30153667116176,324.91404661409774,359.53758572809085,320.7897642172413,386.92961747093085,347.22463296628905,257.272705273895,289.47739976320395,350.28273997106106,306.81188453471316,134.58723010404915,129.1247979312808,141.37875577274556,117.64219464160351,117.37807468664583,124.8750044473052,109.75877312189947,539.306553801341,127.55442563594637,215.0802111701284,399.7894279502419,547.3806476395387,414.7504429288046,513.7235936322248,372.9397748169339,343.7142688953866,445.8147841836406,399.1424439063877,405.7470412766238,379.54627101110987,433.1967721085362,371.62393550031265
14,442.3937946153627,451.06814571997177,414.3687200756905,403.9811021025362,80.68718511083667,219.64708165208438,137.9574571076814,395.2532490843836,393.31641410824915,417.5763248021545,440.8168832982476,87.59998512403719,131.01547603813987,135.67635779529243,0.0,104.76885966002163,114.16367331200482,130.61714201890118,269.7994177260763,357.20122752343735,252.42048206565607,327.4597424680452,381.72296652881175,334.07651541602115,390.8621716153682,358.6138027342549,258.1396008406174,296.5289032204766,349.5182255216396,343.0444231447075,105.69736011917985,102.72177555826795,112.69070009182953,116.19774358131218,83.4295902856472,98.97873832205578,97.94678730825703,578.8417803664698,180.25020235783305,237.04825491565762,350.274629474593,579.8162481812798,437.6661973301742,553.6527221177861,398.6632326088454,365.6403997309012,461.0695273257888,426.19834268151317,407.87664842612395,417.3592346260911,478.9209964888455,394.42975114054445
15,496.3658300856222,424.3669151502795,397.75442498655275,412.43311217633095,82.23141365855403,232.11150894248453,128.1166940697596,376.1998919777225,360.6856287058399,431.6087637378645,425.9783970526346,112.16472320393103,142.97056244939665,138.95218923252733,104.76885966002163,0.0,119.87292796346989,116.30201745523524,314.53234199538485,387.9661291861201,279.47650181640273,387.1819899266503,358.491774565246,348.9949338922092,436.2707349656245,395.7899586356998,257.6318764495264,275.2485994252954,323.2305335119137,309.50797182378415,108.14684992847198,83.79177968968897,110.7104150728475,117.87191536773327,95.93706908933561,110.20198075737505,107.68400592489627,534.8271949315011,136.81176722946117,222.27372279782603,407.2462659629694,550.6519514254612,425.3999660927496,505.03360052042666,361.9974240029376,366.77997298626934,415.62016696165,417.0241943913377,399.9330726083752,396.0156123939282,450.0012965781677,411.3951173594803
16,374.4548587154193,429.82282375042706,398.8122709122488,390.2696156464648,80.12988192711397,204.2998448220067,124.93348413584128,335.6334786067403,353.9098213333344,434.2793897760353,445.292524458464,132.0088223386231,83.66358358635871,118.6303395340582,114.16367331200482,119.87292796346989,0.0,111.50872196389837,225.62846679918707,351.4628256923288,226.3458775838375,298.01852355122617,325.73423827215026,307.46971954183016,339.39274040148536,322.48968008968217,230.87231352819998,261.99109214529443,304.9692911962759,332.8019822555124,119.59348587950284,126.5580769037144,113.2908772406267,123.68201574897091,101.16014004254285,94.45708300355906,95.35534664645841,577.4682848923192,172.15376837294448,224.2987862892086,348.1359342369721,539.0330059190512,409.04329175530955,506.53080104309555,362.961305605895,346.33037553524434,399.6963253830049,384.92743740523633,349.6189450851787,385.1648978732607,416.8153026492798,361.6903785476281
17,475.9422857022313,387.3180674896982,366.0375188695603,428.9685164279016,77.7091741404192,207.41446121240122,108.11014535809612,310.2360051126756,296.58153248930836,417.29251623697746,434.84540586105857,134.95308569260905,138.26289691708232,86.26026404997423,130.61714201890118,116.30201745523524,111.50872196389837,0.0,256.8333375954306,394.2218837244632,242.70180764280707,384.47200656578093,346.66950535264857,320.2493417319699,417.2778440466565,355.89563426754023,238.84722939707757,240.21231734825065,275.22092593172835,256.5798195167094,128.54227367582186,128.6883293076408,124.34413350983338,105.33084813756535,118.77127955801392,128.61262325166211,103.5939536352424,511.6685006249549,101.22264250283554,186.9041800136409,442.0139416120334,453.59245035979467,388.68775313981985,480.29336052673557,326.5220199756388,324.75418998964784,392.0303626518845,388.7886063696942,331.4493690532818,362.18980242465847,405.68165884398553,355.3512126838815
18,215.34737451294774,435.7531456697995,399.48565123395537,389.5777036024325,77.1446776153517,130.60132311481337,61.42762764333902,227.64732010270814,254.49882837925273,408.751153660616,419.0160914454335,276.17587959206725,231.57794735172143,262.8112380219424,269.7994177260763,314.53234199538485,225.62846679918707,256.8333375954306,0.0,159.84337362383016,86.9302975007207,113.49311563110152,161.20056236994768,142.10538729573614,143.19923221406358,150.69538497542723,133.85456929890083,215.19506423400796,247.16180411219548,224.07204042601114,355.36963390284353,348.1458568134572,327.74974324826763,325.48277020405754,302.3233500261739,288.44102045306295,294.6039624848511,436.53708872852565,269.740740758869,253.22622162129431,206.0550587403906,278.51488304891996,214.3474953152565,289.6101713104733,214.8600449441717,223.62587781823254,209.40943774573057,188.75219347327666,196.37477048202962,236.4808367644815,238.35355206350147,219.66821189715807
19,201.4551310677126,473.55953998712283,473.1031327017946,398.0944329761568,69.74161936356303,232.11228692445493,108.76260266946825,401.41621845408855,364.1266509420344,412.8214020344668,437.7765732702302,370.4226586654653,370.5619337234969,385.8302390260737,357.20122752343735,387.9661291861201,351.4628256923288,394.2218837244632,159.84337362383016,0.0,158.89487589601865,77.14268099620244,149.07638454217013,256.50782637443933,134.9937843124854,249.75335656773188,209.09367312897314,316.43209873500473,385.76583496030645,316.573068009997,449.2557051486306,450.5922958347288,444.37817247514704,432.67981333658065,354.3499642435806,371.779389844579,385.46219927055944,644.3337199232834,368.2419360552469,396.0654544063538,143.9541110630506,422.24470110949403,372.1621190304524,405.3793022953992,335.9528508843273,354.45657488442026,367.78383899521106,341.052170767757,334.8819413474012,368.42715725859756,344.4707340323674,321.0284272400067
20,212.28196255920946,384.73713645255333,368.7334224970007,366.95724637463496,75.59785274814755,148.2983616372254,48.07636089891778,219.01001646586263,227.88474907953665,376.90278991914005,393.87284580858216,261.9272674194879,231.75292361246736,236.30153667116176,252.42048206565607,279.47650181640273,226.3458775838375,242.70180764280707,86.9302975007207,158.89487589601865,0.0,122.75549862483433,159.34818176923307,127.88215824467677,152.5628856117264,152.37632950432084,137.93767501603406,198.76022692265224,213.9869388275757,215.85904501456443,325.3288351411761,322.63958956457367,304.649883569923,302.4374338492776,288.08926802987247,281.9485635611477,288.9051795432049,404.57331765398675,253.73593838569568,224.64873633820648,209.3389491434623,246.5413050976642,213.46198291515884,264.40982940115765,200.49549930446858,214.5797904736038,210.05729180378935,192.79223704814396,182.02299719168306,222.6510948366074,209.3929225606973,203.2792246898064
21,156.15132914174217,386.02580082321856,362.70815958191116,358.240117273907,76.09789643908367,166.7753517447287,58.59344025608352,266.1363514121618,258.70968264495474,382.95436220394623,400.26245707450875,311.6066333643017,291.58408977346346,324.91404661409774,327.4597424680452,387.1819899266503,298.01852355122617,384.47200656578093,113.49311563110152,77.14268099620244,122.75549862483433,0.0,110.30452600259063,156.7934478873455,107.4644589473068,192.74609095444086,155.05362189966587,225.50901690794308,263.4142050845733,240.4037689685084,414.1268149966338,398.7146770509948,382.1944007692171,388.48028937848176,396.143295738407,383.89214160127864,417.877863868854,473.24044151796517,364.90977003729563,293.16009888090224,155.70268549080606,257.21745830259937,256.0094491594991,301.2365166367064,208.898680242203,272.4248962235288,219.5743438377726,224.8340093340963,187.5669447094467,263.27613412369965,220.6754480013923,235.30619993297785
22,228.89101696079396,498.1887675340891,451.21987310151286,384.27623636110906,65.91337476660757,229.26186355767976,106.83209434528104,342.5926191145149,320.1962422212375,402.38599655134425,417.6479241887791,386.1740376152477,343.3248773168914,359.53758572809085,381.72296652881175,358.491774565246,325.73423827215026,346.66950535264857,161.20056236994768,149.07638454217013,159.34818176923307,110.30452600259063,0.0,169.94087808914873,102.93775172970815,147.77452928087598,189.3094536835141,232.99186917705808,262.4755874226438,260.3130530279864,364.09177678116316,379.17954672598205,331.715841990656,337.7401281366462,241.503142599486,266.37136233454515,259.28781081054865,543.7266299854724,225.42817163812464,276.44172154875724,209.81894100729346,328.5376275921993,280.3915804339622,292.8467362876012,276.9485179516033,253.14296666363438,281.3747280685904,256.88325411783336,283.25877475688475,275.2270375187617,264.65314711824567,232.2620692505683
23,251.81625123255006,511.3718747557721,443.3944595538488,444.86995999506655,83.74078824391657,203.3828421725898,74.1920195933974,274.2928666079436,309.5837569645086,442.401229144805,452.3362313249281,372.0335137904364,320.6374807917369,320.7897642172413,334.07651541602115,348.9949338922092,307.46971954183016,320.2493417319699,142.10538729573614,256.50782637443933,127.88215824467677,156.7934478873455,169.94087808914873,0.0,121.51491355903812,105.75902651270012,158.51631186569605,210.7794553937147,236.05458443274395,253.36775236257975,354.76062192280807,370.9378677684327,345.6059550436802,359.537989613126,268.4393917824113,274.39412386040306,288.8237249416601,528.038449352414,237.2052075889868,237.67609964951677,225.9347285514473,296.4647150043661,221.72073031204036,284.83416349119136,228.00659754520188,209.011520204444,215.32755338581333,187.05179320205426,226.46330200885458,216.63544302747124,250.36997597673894,206.5468894081686
24,167.78723806733186,459.3104174914552,433.9844987669735,425.21107881653785,75.39627712019352,223.46935123635402,61.268461430112815,303.5074420540074,285.00648700724213,442.5865496391107,473.7364201430558,372.1840188453532,333.9360697275703,386.92961747093085,390.8621716153682,436.2707349656245,339.39274040148536,417.2778440466565,143.19923221406358,134.9937843124854,152.5628856117264,107.4644589473068,102.93775172970815,121.51491355903812,0.0,155.5287272129593,206.60933933858382,274.16826242178536,300.16353544741827,260.7754651105903,466.2806184142149,455.94345652933816,433.58657424410984,448.0273325948079,449.9962090514496,431.89389544316873,463.1280015635781,494.57362490063684,423.1476099368129,340.10656958752867,228.50865449027773,295.8042027512465,266.15476025114407,310.19234776187335,251.99239476855624,273.3493410035197,247.57019294203135,247.16625279358493,241.65242409589288,293.393169001295,259.5522379903447,279.5712035244868
25,229.42054724612822,507.1571441792863,464.8263772141475,457.3201685403587,77.189672920592,211.39570016213068,64.76418155125428,262.9003599081908,269.3558452414459,464.9111330269889,502.58389745197996,365.0150680835821,320.0125959668037,347.22463296628905,358.6138027342549,395.7899586356998,322.48968008968217,355.89563426754023,150.69538497542723,249.75335656773188,152.37632950432084,192.74609095444086,147.77452928087598,105.75902651270012,155.5287272129593,0.0,174.09254064005225,226.37073474000064,223.19141706456668,237.98125247359997,341.3482700980535,351.99656820071357,321.7949740294627,332.5638209269076,303.41524336728077,291.552689123315,303.43073952544086,408.45055881908866,307.8459247235844,232.62956794211456,214.69270994553708,267.58746987586164,214.90661723274638,269.81306569305127,207.21024745633724,200.27603543975334,193.9247391575785,187.26467811362463,212.37072768610398,215.72039321582108,231.62204793588256,206.97409351113083
26,319.41314708366485,461.8829817370721,414.0945408873668,412.87974244515976,78.52335983371232,113.16247766867622,89.10005773113622,329.8377465470144,343.6572091191842,408.33577178213454,415.0979774087314,289.06571864814555,252.15150559233263,257.272705273895,258.1396008406174,257.6318764495264,230.87231352819998,238.84722939707757,133.85456929890083,209.09367312897314,137.93767501603406,155.05362189966587,189.3094536835141,158.51631186569605,206.60933933858382,174.09254064005225,0.0,223.00539585988426,319.0972204701461,310.7083276720023,312.5162943585392,318.843679872577,318.00382675531773,308.5822759350329,245.9732881568871,258.56572989977013,251.36936533125544,573.048472740369,260.90219098543196,287.1929311597651,276.2717067557792,363.7477669114061,254.66737712409565,365.91497374730136,259.80169099078347,242.8942932078671,272.56264633883086,222.5670587318101,248.19119811786572,249.99069972711956,280.26031254297015,247.519902702327
27,372.72878279580976,447.37913725410993,426.25166164975366,403.58634578687406,68.53695440752485,216.57303470643325,38.11081083745079,303.0607619926859,374.53428899957265,396.0855334858958,398.8850671991177,323.1127833348043,279.15057863369674,289.47739976320395,296.5289032204766,275.2485994252954,261.99109214529443,240.21231734825065,215.19506423400796,316.43209873500473,198.76022692265224,225.50901690794308,232.99186917705808,210.7794553937147,274.16826242178536,226.37073474000064,223.00539585988426,0.0,228.0943911294825,335.1274979775073,314.48485920684493,320.11042061702085,302.40802657911803,298.9004902452115,222.9392515545596,256.3271411703777,234.64527230689578,564.924310084095,212.16873993729533,285.7087662663722,315.94971791640427,376.5886456336293,299.0432296046786,334.9399930865452,275.9000528847831,266.17492535665025,302.2568991210506,285.23295925197306,278.3379363051967,273.38091234542594,322.4148132392327,267.38793558026117
28,368.195237317985,528.0964071451912,495.41584394011016,517.4954777228651,90.08060688170606,313.5005043609518,94.36586901756145,142.95725728508228,395.8477245269107,481.0519542988614,498.2245278784459,355.77178850402686,342.97354042631366,350.28273997106106,349.5182255216396,323.2305335119137,304.9692911962759,275.22092593172835,247.16180411219548,385.76583496030645,213.9869388275757,263.4142050845733,262.4755874226438,236.05458443274395,300.16353544741827,223.19141706456668,319.0972204701461,228.0943911294825,0.0,346.5508355575915,390.4421285609682,397.46312235803134,362.2704174963209,369.89424584719353,269.29675553526744,312.7955639534526,291.3806250477698,547.309419510384,253.4509696484697,282.8593801241965,360.246636815389,381.9952861382447,387.4704661725328,370.0792731403245,325.1067506631568,315.55544544910003,341.8096643569687,343.2897757401167,324.00596029833576,296.8684312482778,365.836488280535,313.79350530331067
29,408.85327265391066,491.65341679606934,441.8514570413968,400.95066023679215,69.35656228880518,285.1735496375878,135.80589872638868,348.84981157744136,172.79628445992216,400.73138520979654,376.5762560035386,359.788630274374,350.41017520306707,306.81188453471316,343.0444231447075,309.50797182378415,332.8019822555124,256.5798195167094,224.07204042601114,316.573068009997,215.85904501456443,240.4037689685084,260.3130530279864,253.36775236257975,260.7754651105903,237.98125247359997,310.7083276720023,335.1274979775073,346.5508355575915,0.0,409.3151718945988,396.5229771117734,363.468615699751,362.43546458835664,284.37592380897956,318.9504310192441,286.4810021286914,577.4159610279612,290.34533454574466,322.5039843109322,379.4305866061519,390.13152951422495,319.8347601287046,381.51573796007295,318.38057234569004,274.927490599217,356.4139472593068,329.1179046291612,339.44272458410984,310.0292857014898,346.0673396017426,307.78678715147595
30,492.51101935605266,494.3889408030801,472.49302773703533,479.75423793757165,84.62819978700695,289.53760394096946,176.14597306317316,459.36537622181413,479.44913382151833,464.9879431435804,485.2633032357806,112.34019930156072,150.96430721411375,134.58723010404915,105.69736011917985,108.14684992847198,119.59348587950284,128.54227367582186,355.36963390284353,449.2557051486306,325.3288351411761,414.1268149966338,364.09177678116316,354.76062192280807,466.2806184142149,341.3482700980535,312.5162943585392,314.48485920684493,390.4421285609682,409.3151718945988,0.0,75.06662437153025,81.90891046584076,81.64727557303482,65.69433839801248,85.83514354225647,74.23424157846529,645.8511699916819,176.57434604515527,240.9206372422854,413.8274825670613,674.8294057790479,516.6881406827541,602.2304911588618,475.8512408947424,424.36271557156095,529.6752608497665,493.50975592188905,503.7828607476844,475.3770890547842,550.5873033189063,472.26172543873867
31,492.53318673757275,533.4802903407849,495.5571316080118,456.31826606642596,86.33473294032008,290.5163048596561,180.80096784988064,465.7963889101945,469.03066645175426,457.2523248310221,462.2358413978441,117.26787804909434,158.339261174923,129.1247979312808,102.72177555826795,83.79177968968897,126.5580769037144,128.6883293076408,348.1458568134572,450.5922958347288,322.63958956457367,398.7146770509948,379.17954672598205,370.9378677684327,455.94345652933816,351.99656820071357,318.843679872577,320.11042061702085,397.46312235803134,396.5229771117734,75.06662437153025,0.0,89.00607308651333,100.12814164998206,85.22364766320985,87.50869368391302,84.04854986886038,631.5890692719779,137.12536609974975,251.67809918790076,406.22679368969267,646.3610894004347,502.9802313731192,585.8435489001357,460.0116978624468,417.1574634423163,523.2665478494952,486.5057016586594,495.9486848477152,458.50884347047855,547.3693841368981,464.07900503565685
32,468.22850393562607,513.1822988573709,459.8690711574713,482.85166788727344,83.73109181017301,277.5414247192362,172.24873167310335,436.24221790471023,437.01328941834606,471.8691973071603,490.24362989844997,132.10091569319667,133.88181954847462,141.37875577274556,112.69070009182953,110.7104150728475,113.2908772406267,124.34413350983338,327.74974324826763,444.37817247514704,304.649883569923,382.1944007692171,331.715841990656,345.6059550436802,433.58657424410984,321.7949740294627,318.00382675531773,302.40802657911803,362.2704174963209,363.468615699751,81.90891046584076,89.00607308651333,0.0,102.94053632737888,68.69062129587542,86.84488291299357,67.69581710933303,633.6130931277586,178.2996378181577,244.55225918804325,398.374425038596,629.0303837365423,486.7276237526652,573.0708207557835,442.60683475495955,401.8244364923746,491.74711736800117,485.4725361805066,447.2703656726203,427.4030975298075,517.3691618964343,437.90337400354247
33,501.5818421961337,493.57434311165923,462.1674522885912,455.32616958015245,85.36359179987942,271.7257324588219,177.87004584087228,447.8949094053013,439.6706141194837,473.3145909700357,486.98415917403605,128.84065952780946,147.28100881444496,117.64219464160351,116.19774358131218,117.87191536773327,123.68201574897091,105.33084813756535,325.48277020405754,432.67981333658065,302.4374338492776,388.48028937848176,337.7401281366462,359.537989613126,448.0273325948079,332.5638209269076,308.5822759350329,298.9004902452115,369.89424584719353,362.43546458835664,81.64727557303482,100.12814164998206,102.94053632737888,0.0,83.96471882126372,93.51265525966781,64.216954079092,623.2017284597844,149.81018276307134,234.1152390899485,412.50408961404827,631.1383077715876,499.4170761854063,584.7144611927683,456.51746910987487,410.6910613538883,518.474793441193,479.92302038197255,476.3757016871329,438.1770435955992,515.4570502022952,438.3314767378255
34,432.3888242083264,386.32304555769775,374.2880008922116,425.75975448700615,79.63596858988889,218.74111634274374,115.20469940576182,335.25534197490197,329.76789569133877,401.9628817237845,447.62818935085335,94.37566283911603,114.37422405043482,117.37807468664583,83.4295902856472,95.93706908933561,101.16014004254285,118.77127955801392,302.3233500261739,354.3499642435806,288.08926802987247,396.143295738407,241.503142599486,268.4393917824113,449.9962090514496,303.41524336728077,245.9732881568871,222.9392515545596,269.29675553526744,284.37592380897956,65.69433839801248,85.22364766320985,68.69062129587542,83.96471882126372,0.0,73.83844583000152,63.350978265398496,509.51213932582806,196.48722492969478,212.69747738485654,386.766725182931,566.2100119675251,443.81310836004155,536.4716593395133,385.37406248349293,376.80059102795934,422.5007250317707,428.30468686504156,366.067643587062,398.7233316941061,456.0043841753442,406.72212113305096
35,469.792137288077,418.65565236462345,399.28449305953154,406.1946047940654,81.2012590761291,236.73922644508116,135.529988078614,391.1524016318928,372.42393262193934,397.8685875257155,460.0231084088168,102.55623998010991,118.64663171779215,124.8750044473052,98.97873832205578,110.20198075737505,94.45708300355906,128.61262325166211,288.44102045306295,371.779389844579,281.9485635611477,383.89214160127864,266.37136233454515,274.39412386040306,431.89389544316873,291.552689123315,258.56572989977013,256.3271411703777,312.7955639534526,318.9504310192441,85.83514354225647,87.50869368391302,86.84488291299357,93.51265525966781,73.83844583000152,0.0,76.58411804268133,524.7414144133908,196.12781833815578,235.55813673604567,394.8867461876926,579.6269004738941,461.24754226472106,554.5019082898845,395.5077153977034,382.64654926924226,436.3665528597905,441.06445687465333,382.7973237201478,417.75692689160104,464.26082646446963,426.26614990343546
36,502.2910779448249,402.72559985210415,374.7424836239935,466.10329045100355,81.80618466229758,224.6383806580027,129.7018327880511,376.91379735970236,362.5895642989915,434.314188430795,473.3062856513892,100.14957597495427,115.76877915303643,109.75877312189947,97.94678730825703,107.68400592489627,95.35534664645841,103.5939536352424,294.6039624848511,385.46219927055944,288.9051795432049,417.877863868854,259.28781081054865,288.8237249416601,463.1280015635781,303.43073952544086,251.36936533125544,234.64527230689578,291.3806250477698,286.4810021286914,74.23424157846529,84.04854986886038,67.69581710933303,64.216954079092,63.350978265398496,76.58411804268133,0.0,524.1319103967787,186.96755121008363,218.42691638073117,412.68600947838354,598.9142035955083,455.0404915671236,557.9548286925336,388.67411602271324,376.26912498913305,446.64208333267766,439.3353656622712,390.05713487078447,415.70337673651187,456.57114921513084,423.4402830703683
37,597.6508012222326,815.1022956000618,780.4437632682191,686.7159524926891,68.08798122414873,579.571990293073,198.3469982470244,566.9561276102617,559.3291553944835,671.5727616896035,721.9666033285041,617.3483816682325,634.8664095205705,539.306553801341,578.8417803664698,534.8271949315011,577.4682848923192,511.6685006249549,436.53708872852565,644.3337199232834,404.57331765398675,473.24044151796517,543.7266299854724,528.038449352414,494.57362490063684,408.45055881908866,573.048472740369,564.924310084095,547.309419510384,577.4159610279612,645.8511699916819,631.5890692719779,633.6130931277586,623.2017284597844,509.51213932582806,524.7414144133908,524.1319103967787,0.0,522.7349776140135,516.2007784525977,604.3328122883806,647.8538144359061,522.2548167329986,582.0762544087494,583.6519833808132,478.15556380934197,640.2348791254873,541.7518380162927,594.0282374713398,478.16806087618835,583.8082657359568,486.0171827683501
38,533.5485264335827,392.732295661087,355.6973260444208,421.57882187386485,78.60530844715204,217.43062299095828,113.39389885042618,322.97921702080635,355.9940192453198,420.56607362275946,429.7358720018387,167.76489703075924,172.36790767581283,127.55442563594637,180.25020235783305,136.81176722946117,172.15376837294448,101.22264250283554,269.740740758869,368.2419360552469,253.73593838569568,364.90977003729563,225.42817163812464,237.2052075889868,423.1476099368129,307.8459247235844,260.90219098543196,212.16873993729533,253.4509696484697,290.34533454574466,176.57434604515527,137.12536609974975,178.2996378181577,149.81018276307134,196.48722492969478,196.12781833815578,186.96755121008363,522.7349776140135,0.0,238.95766947946998,433.7056728693573,475.73989383879086,414.1484738620383,490.1389358680943,351.2402308041415,358.8102938097387,399.6122708339378,390.6268556011964,349.63255089096737,367.3317654460192,391.63107141197503,358.7217035022398
39,424.26343687983785,490.21869893164506,429.80051571299106,476.7508188911227,91.76400124475846,290.04345034142307,110.70602553930362,302.3342147979101,362.7118249741162,458.697943781983,508.2191671773904,248.89038314245158,257.2418411864966,215.0802111701284,237.04825491565762,222.27372279782603,224.2987862892086,186.9041800136409,253.22622162129431,396.0654544063538,224.64873633820648,293.16009888090224,276.44172154875724,237.67609964951677,340.10656958752867,232.62956794211456,287.1929311597651,285.7087662663722,282.8593801241965,322.5039843109322,240.9206372422854,251.67809918790076,244.55225918804325,234.1152390899485,212.69747738485654,235.55813673604567,218.42691638073117,516.2007784525977,238.95766947946998,0.0,373.7027093419142,313.5137633596234,261.3047219819319,322.766186982068,253.8948025820624,216.6416159155792,256.16628071543545,256.63256677576294,241.88289323064257,219.13134023651222,263.69815937197563,214.83376409802048
40,145.05829172050002,463.667176633427,481.4288522322932,454.22044011629754,86.90375499732167,289.5162862957263,160.4401737254654,377.7715773814749,374.2133607719379,453.6109802775615,504.76422449069213,357.5300268622968,355.94694105337607,399.7894279502419,350.274629474593,407.2462659629694,348.1359342369721,442.0139416120334,206.0550587403906,143.9541110630506,209.3389491434623,155.70268549080606,209.81894100729346,225.9347285514473,228.50865449027773,214.69270994553708,276.2717067557792,315.94971791640427,360.246636815389,379.4305866061519,413.8274825670613,406.22679368969267,398.374425038596,412.50408961404827,386.766725182931,394.8867461876926,412.68600947838354,604.3328122883806,433.7056728693573,373.7027093419142,0.0,492.0540234651018,404.5317438138861,522.1088084377691,354.2743251460639,395.7612713986614,365.96830052219605,392.1303373944707,359.4364341106474,437.0676327184385,422.19295831889156,394.33915431982035
41,479.36374866750185,404.70973571667645,378.5314371223351,384.6725176626815,28.160533939273915,378.73531157057874,94.11885749253022,397.37099101540696,406.91400250529216,345.88904494053475,378.7647821914968,593.9667756133318,533.7127360263034,547.3806476395387,579.8162481812798,550.6519514254612,539.0330059190512,453.59245035979467,278.51488304891996,422.24470110949403,246.5413050976642,257.21745830259937,328.5376275921993,296.4647150043661,295.8042027512465,267.58746987586164,363.7477669114061,376.5886456336293,381.9952861382447,390.13152951422495,674.8294057790479,646.3610894004347,629.0303837365423,631.1383077715876,566.2100119675251,579.6269004738941,598.9142035955083,647.8538144359061,475.73989383879086,313.5137633596234,492.0540234651018,0.0,227.39502022237457,107.85349279628609,300.2713039969936,237.59044220804236,309.0630740879068,271.0743781873066,271.66987296364414,262.28856659810003,303.2655194415273,245.01470459827516
