,0,1,2,3,4,5,6,7,8,9,10,11,12,13,14,15,16,17,18,19,20,21,22,23,24,25,26,27,28,29,30,31,32,33,34,35,36,37,38,39,40,41,42,43,44,45,46,47,48,49,50,51
0,0.0,23.363142705355873,23.38206535019772,23.41357316516212,20.26984892577887,28.40631546348049,22.751531435420123,28.04963756207232,28.1544294817053,22.69817173071547,23.542811920660835,28.269877294994757,28.333926452045954,28.37434801555601,28.365296356978643,28.44851023545802,28.38947785835713,28.47957419644465,28.000393855865116,28.203178649809978,28.101652632374567,28.603774141733005,27.229995053598397,27.082416026917752,28.592188036277825,27.743077724250476,28.45604890606445,28.242531140868145,27.958523500621418,28.374502989179646,28.17712581009824,28.0822076516318,28.235117173080283,28.178229074090865,28.471805264636775,28.427189324751463,28.44344349791526,28.059198438788663,28.47240761502867,26.603025329216443,28.42914964219203,23.763914663889715,25.41314128581974,23.500675912691456,25.550092882108483,27.858014286156358,26.87685525741206,28.002513291238827,26.6883401821099,27.81266097634694,27.572095061001292,27.797550703808174
1,23.363142705355873,0.0,23.26491012747527,23.300726640505015,20.31992668278956,23.352632083507896,21.230878391305417,23.338493516948365,23.2749724969001,22.702587776757426,23.377692410714424,23.268893548381218,23.299701502723977,23.321475961659967,23.31768164959636,23.3865426651631,23.329233702501085,23.419870582933715,23.51642597348226,23.210968408063458,23.573019866682728,23.567819160974285,22.004575365240314,22.86433926716574,23.557974858544142,23.290547018511237,23.3834476983965,22.57912667314476,23.078783203539782,23.33165748266178,23.172829294230326,23.0718585607171,23.23758475042768,23.17004475725933,23.41236107907369,23.35384126637471,23.376311512092467,23.047762425192786,23.41542598230778,23.234807783831123,23.35287467289755,23.301109767075882,22.59542410051889,23.099777725292732,23.012241355005905,23.182447845613172,23.21301080618571,23.509343469813686,23.049443259835012,23.3750638888581,23.390023898816956,23.15624877440799
2,23.38206535019772,23.26491012747527,0.0,23.316056251194688,20.548020519017825,23.3191699108446,20.88922423878776,23.340946557379475,23.29496858185914,22.826381139781155,23.39712530892418,23.298870304896177,23.32372508100592,23.345686716503085,23.34199602702868,23.403889194157603,23.352847478181943,23.437148790954474,23.526822658192444,23.27281618861924,23.582115743559264,23.57574632905555,22.15060838246565,22.8902540255239,23.563676879948098,23.271670194518386,23.401648341958627,22.909087274591094,23.145053613319888,23.353261881174838,23.189988304283247,23.092735596087405,23.251419615649517,23.19074196949599,23.428838330028785,23.3741867201321,23.396482902456235,23.04145201697085,23.433136551993332,23.10915548664684,23.379258719554965,23.248145446790016,22.130310792527755,23.18656768255915,22.821036585734152,23.055057659072276,23.33142404675908,23.52113919881674,23.198653278916343,23.191831336229548,23.403024737755942,23.19888682123571
3,23.41357316516212,23.300726640505015,23.316056251194688,0.0,18.105352586592375,22.944248759958285,19.364850100145464,22.739022664111047,22.621804947899072,22.653508475501557,22.94154895326569,22.934307425929283,22.966235483709013,23.01476425079494,22.944199342114082,22.94061234019247,22.96312463296974,22.99437139404827,22.912381146208922,22.78451190633519,22.89703759789241,22.897434617067052,22.134492448913583,22.32254501928531,22.935629625984,22.58958917665086,22.984997283545873,22.473338531581177,22.697422761706296,22.922026809740412,22.868500755309277,22.836541105963775,22.963706515587475,22.95458806957373,22.922285478269398,23.0309685907621,22.954779513442272,22.854076138197716,23.043183649314386,22.424354299002637,22.97070093440738,22.601208644098932,21.562361333540526,22.499035218729226,21.95589939590997,22.32937625624088,22.921694526980296,22.92115137784062,22.811643042419014,22.780108793929344,22.79997868251007,22.38369845832452
4,20.26984892577887,20.31992668278956,20.548020519017825,18.105352586592375,0.0,1.5815837754073947,1.5711226888856868,1.595301130879655,1.6055350450270134,1.580710383287171,1.5799733600824661,1.6994652825696697,1.6601647079914994,1.6346472500444658,1.6406913952192435,1.565760939138708,1.6228050498666797,1.5218329433012163,1.411749971686353,1.693080857911147,1.340845221692468,1.3479695178689923,1.6529854963991013,1.5712719678580311,1.3655164220220908,1.3482765696705643,1.5668096715479596,1.6348979432223725,1.6580814915518747,1.627344804487418,1.7540466332775195,1.795871317174639,1.722565530544472,1.7536195861284665,1.5294022658857638,1.5954038335448673,1.570669592935137,1.6589056767888328,1.5301230205933185,1.4780334183692077,1.5964566561876465,1.5655513743847127,1.405288077439685,1.411449223721229,1.534268862672156,1.3825021499036592,1.5437369116363604,1.41439359342919,1.6103422979369373,1.4217291162176606,1.5235650923428221,1.3991397785521555
5,28.40631546348049,23.352632083507896,23.3191699108446,22.944248759958285,1.5815837754073947,0.0,23.641846552625204,27.59093328865266,27.506627988313554,22.243164256199233,22.936040769028487,27.7423210733553,27.88546309195523,27.785156689709517,27.814854946982674,27.862120220503495,27.904200226866845,27.81161167304103,27.298073533161986,27.71026736930653,27.34813241840953,27.83146619018436,27.01825838197255,26.3064207965481,27.829270410465963,26.86795034521517,27.863468423725507,27.304965131519438,27.60202245875203,27.799483586723724,27.7484613539413,27.658274284497963,27.79467412455992,27.67988869161872,27.864357466551628,27.823503160322666,27.819313910729942,27.662360536371384,27.81887125583719,26.251754684180902,27.987700341472415,23.206007567556394,24.65716236726102,22.832949175617845,26.329529244787206,26.776862944522666,27.116593473337794,27.323919568128602,26.760660992317167,27.263144611281056,27.225052433082972,26.5630571632341
6,22.751531435420123,21.230878391305417,20.88922423878776,19.364850100145464,1.5711226888856868,23.641846552625204,0.0,6.452197876190933,6.526160056971719,5.112519530179475,5.222075417595637,7.672500296825512,7.714113225343184,7.06451410635489,6.92642431034309,6.027196071684223,7.026290274782311,5.442394135926843,4.266975423905433,7.886664788027188,3.4614974228270494,3.4695684307503862,7.596033859754797,6.167847224434735,3.7110328968155732,3.506831703289174,6.344978785226894,7.103336513383328,7.249999726083836,6.761062834815634,8.603371890609772,8.991604816247476,8.424482576970663,8.523889314114463,5.599790883039257,6.496064384609058,6.119858641621745,7.386229645869618,5.55828352446598,5.339597204393609,6.532489942355508,5.599106368745207,4.200772797427301,4.009509022207457,5.65846203015184,3.8109972344338194,5.818639009323092,4.220116270739935,6.895195178992263,4.359151976334006,5.52562828007449,4.145447809787738
7,28.04963756207232,23.338493516948365,23.340946557379475,22.739022664111047,1.595301130879655,27.59093328865266,6.452197876190933,0.0,26.57960115268856,22.05930448826096,22.92027500988496,26.940929471764466,27.0847606735023,26.967090927347733,27.008837158439352,27.012835041734434,27.109752742472942,26.95418605773718,26.939373021910427,26.932485239108566,26.926148187529364,26.921617294608982,25.897196674640213,25.791521483007884,26.92479000403531,26.531358758180488,27.039434122078887,26.213465201554747,26.696077896793525,26.986112363671438,27.012584024377823,26.900819825665003,27.023453513314635,26.90712127317653,27.013110724822752,27.000850119558965,26.97913586378413,26.87094561004086,26.9725776463364,25.97632737410448,27.146798663234755,23.187003019960095,25.135576080177586,22.992603971502835,25.166862630496336,26.44155822900296,25.95404850618256,26.7337410176096,26.02319681891131,26.65445664618449,26.037759318002745,26.39131330125245
8,28.1544294817053,23.2749724969001,23.29496858185914,22.621804947899072,1.6055350450270134,27.506627988313554,6.526160056971719,26.57960115268856,0.0,22.11556411670221,22.366836848618764,26.417818178589744,26.540745139604216,26.37992802328405,26.39625121360219,26.414561757767448,26.542159709419828,26.247516338942013,25.61218605483789,26.353806622834398,25.64060507167808,26.107183514516795,25.518996885711445,25.122146492295922,26.163380824358853,25.161041973046796,26.416773489625612,25.94242724480818,26.33409702433851,26.321194223856608,26.48943671656869,26.370172844059706,26.49541953152898,26.44201444176362,26.342439257867277,26.362963519784632,26.32891627774321,26.337916294861998,26.249699120117466,24.951898664551045,26.42148581658619,22.813322928041387,23.776492235469508,21.93177584492971,24.720489831773534,25.468396659521606,25.259814396081428,25.843852101876795,25.523347435872267,25.67949841652036,25.861053586827907,25.440489898300363
9,22.69817173071547,22.702587776757426,22.826381139781155,22.653508475501557,1.580710383287171,22.243164256199233,5.112519530179475,22.05930448826096,22.11556411670221,0.0,22.07717892700207,22.077476361440837,22.097230929974103,22.085587851516777,22.059844239555495,22.10574701005194,22.115071445220607,22.04268120884844,21.996694887398302,22.027749138025644,21.970642260369065,21.969111049974448,21.41958376146851,21.252621478773165,21.97330133485612,21.678556710888948,22.100167913504276,21.875338727549078,21.948133961749697,22.01555030249352,22.048715416846214,21.96496885409364,22.078795155250898,22.01424166609379,22.05934805910115,22.084768060328283,22.077721479315457,22.08719218589637,22.041478831505664,21.495461082830506,22.038927575235522,21.954350805145395,20.527835630793646,21.4866309451246,21.31575885684124,21.508343187892798,21.988198646998192,22.017510661668428,21.990571574764864,21.901034645973674,21.85178766334637,21.669602786847495
10,23.542811920660835,23.377692410714424,23.39712530892418,22.94154895326569,1.5799733600824661,22.936040769028487,5.222075417595637,22.92027500988496,22.366836848618764,22.07717892700207,0.0,23.41595637391398,23.46882994499971,23.50052697275739,23.491169280770368,23.563512915927003,23.51043569172419,23.58944154230036,23.64823004948995,23.34561732044817,23.685742296378983,23.6799529617314,22.383978053410672,22.64942964254092,23.672346311708917,23.334424087568696,23.56866216399428,23.161221492083946,23.28463180925187,23.500655008395015,23.346584078176544,23.27072798708753,23.392374726202117,23.348445419902824,23.58066267597578,23.542504845020943,23.562454365754185,23.272132167063283,23.58389230480278,22.95556225982896,23.54331208217802,23.258227862435977,22.031669535586477,23.13718561147947,22.832182106994527,22.96790321140595,23.490728099840005,23.54109737668492,22.92831922078094,23.459031561881822,23.3582760984363,22.893969777931332
11,28.269877294994757,23.268893548381218,23.298870304896177,22.934307425929283,1.6994652825696697,27.7423210733553,7.672500296825512,26.940929471764466,26.417818178589744,22.077476361440837,23.41595637391398,0.0,28.18348629910908,28.21637298583989,28.206746569742176,28.297901895732135,28.228948036105358,28.346852231121545,27.882492922227872,28.02253014187238,27.981893738659167,28.52376992012777,26.704198832283627,27.151338646350506,28.509131701724755,27.666760066950378,28.30518290845238,27.685888450048278,27.93938735374115,28.232619944663718,28.001477560038424,27.87881906605364,28.07667870393694,28.00120438846727,28.33699335926055,28.262161298303752,28.29218720271049,27.91290714323831,28.338884602055547,27.20709027820157,28.267581850985753,23.805960109249394,25.996526814971,23.785986979066877,27.13562965727764,27.501849124411677,27.167667199832913,28.032701939165495,27.307992792822642,27.785659505246144,27.22270886912235,27.45143941481452
12,28.333926452045954,23.299701502723977,23.32372508100592,22.966235483709013,1.6601647079914994,27.88546309195523,7.714113225343184,27.0847606735023,26.540745139604216,22.097230929974103,23.46882994499971,28.18348629910908,0.0,28.286907823275943,28.281432753642353,28.358844996302636,28.297632028805335,28.399890703560946,27.92172234038959,28.064045671081963,28.07383531420017,28.55820103891928,27.204880638095243,27.357396208970766,28.545224923561946,27.700267529961586,28.36376010426903,27.647471786082818,28.11002800758249,28.30084258925514,28.07098001824392,27.961556803669815,28.138574281576524,28.070720086471265,28.391724364014657,28.326317221097835,28.352220383064285,28.115601248916512,28.392607256590324,27.43777721582941,28.331558367732214,23.83856882610125,26.073069198772945,23.893274956740512,27.359394330537615,27.66645680286336,27.50080280080682,28.044336785119384,27.57527984909437,28.154074950281686,27.85129889064258,27.42612984340648
13,28.37434801555601,23.321475961659967,23.345686716503085,23.01476425079494,1.6346472500444658,27.785156689709517,7.06451410635489,26.967090927347733,26.37992802328405,22.085587851516777,23.50052697275739,28.21637298583989,28.286907823275943,0.0,28.32053026721608,28.39597248574387,28.340632036463276,28.43309800280265,27.94019261022111,28.117456528887292,28.096550288818598,28.581633801385575,26.929761215250085,27.118425694287,28.56989229014024,27.65341572820913,28.3998967098826,27.605509600104902,28.00179693019127,28.342230499780698,28.112548190451733,28.007647079945546,28.175839918386384,28.111332512862383,28.42641092201074,28.365758767446437,28.389369860294067,28.16383962498587,28.426836273580573,27.32055985519231,28.37061229850088,23.877207962274877,25.617141227370837,23.86982620504992,27.374824682751417,27.741448013613173,27.483194372649443,28.002059625804982,27.249700212403187,28.12440017155972,27.66869238128836,27.488985593933233
14,28.365296356978643,23.31768164959636,23.34199602702868,22.944199342114082,1.6406913952192435,27.814854946982674,6.92642431034309,27.008837158439352,26.39625121360219,22.059844239555495,23.491169280770368,28.206746569742176,28.281432753642353,28.32053026721608,0.0,28.38913758807421,28.332402624462574,28.43152428137063,27.942145255603723,28.168761802833817,28.09710719248872,28.582494353068473,27.089525565122553,26.700085252104,28.57023552214626,27.59019076331049,28.395901587970748,27.778719620580166,27.85278960563984,28.33328579375279,28.10239475526875,27.995511068499003,28.167459027598962,28.10253509914764,28.42158350979359,28.35923005265124,28.383693882772427,27.944453742907815,28.42264058896125,27.20721153189056,28.362817153701364,23.76091906444656,25.316088362116076,23.77295401244068,26.46973534914688,27.89390127179086,27.373785288661857,27.938072687285555,26.85806703504973,27.83709178133016,27.761779529670385,27.566069095616918
15,28.44851023545802,23.3865426651631,23.403889194157603,22.94061234019247,1.565760939138708,27.862120220503495,6.027196071684223,27.012835041734434,26.414561757767448,22.10574701005194,23.563512915927003,28.297901895732135,28.358844996302636,28.39597248574387,28.38913758807421,0.0,28.412010328400104,28.5187761165422,28.06627081456349,28.272205606742595,28.148042803275743,28.642330951485256,27.359350578257104,26.627598394154234,28.63265472966267,27.659743348513548,28.492593710338845,27.84714981993191,28.103391845350966,28.3949158526315,28.214096297606446,28.12376549249942,28.268339146807154,28.2147949549543,28.511159461334692,28.449744112916637,28.479270453434864,28.14049364153269,28.511481302907086,26.845776349810784,28.448634170041394,23.597380363562667,25.18060108378461,23.236175724340907,25.588698678312436,27.499501155939242,27.311733573139914,28.137654302303794,27.508417919472105,27.867849576898575,27.526542906696104,27.05070307699859
16,28.38947785835713,23.329233702501085,23.352847478181943,22.96312463296974,1.6228050498666797,27.904200226866845,7.026290274782311,27.109752742472942,26.542159709419828,22.115071445220607,23.51043569172419,28.228948036105358,28.297632028805335,28.340632036463276,28.332402624462574,28.412010328400104,0.0,28.44992515839039,27.95982466789235,28.114180733854067,28.10772723951924,28.59326625366598,27.643124595054815,27.283534576453906,28.581419974909547,27.75142419552397,28.41607133777818,27.63727596633351,28.017350744695296,28.355264494171085,28.129016043780577,28.027377465930787,28.191040704056768,28.12911582064687,28.441559015781305,28.38262808255174,28.40609781525158,28.121144243703707,28.442728618251927,27.40038025838346,28.387451450233783,23.86520965039029,25.375751042126932,23.872473679845314,27.399798844015578,27.657190180135856,27.673037136141325,28.11787627447563,26.88503135713413,28.144763622484437,27.541782358474677,27.564349883724
17,28.47957419644465,23.419870582933715,23.437148790954474,22.99437139404827,1.5218329433012163,27.81161167304103,5.442394135926843,26.95418605773718,26.247516338942013,22.04268120884844,23.58944154230036,28.346852231121545,28.399890703560946,28.43309800280265,28.43152428137063,28.5187761165422,28.44992515839039,0.0,28.158208348001935,28.261470628697225,28.159428404914795,28.671139662230424,27.452061201892505,27.088038747830122,28.662142613979427,27.916474987256322,28.512591209584034,28.02962640696255,28.234253208024576,28.426810147456504,28.272112922926393,28.1898268771915,28.320490310403503,28.27155910626423,28.55481832811483,28.487674274438078,28.51485119123067,28.13121775340614,28.554926687579982,26.785700321873634,28.48052581656801,23.747288862354186,24.7487825145335,23.21143459370532,26.14753330993568,27.31637544870231,27.266945445191393,27.905392727697645,27.710659756410603,27.78444403532263,27.43843501003381,26.791201294841386
18,28.000393855865116,23.51642597348226,23.526822658192444,22.912381146208922,1.411749971686353,27.298073533161986,4.266975423905433,26.939373021910427,25.61218605483789,21.996694887398302,23.64823004948995,27.882492922227872,27.92172234038959,27.94019261022111,27.942145255603723,28.06627081456349,27.95982466789235,28.158208348001935,0.0,27.670453591282644,27.864138742070327,27.86486680314135,27.179628144870676,26.86979036048969,27.866924946891466,26.450897840839954,27.786547205896664,27.26056947934733,27.612550457262248,27.735267252230415,27.669470601382557,27.618190156130286,27.703897115074533,27.64892679102029,27.82182404395419,27.78507267084064,27.803508797553523,27.553211290207177,27.826113060542294,26.04349718759093,27.80619373339166,23.758883662139556,21.64429343349833,18.330293498247237,25.967903013760708,22.418670140672873,26.703445500141832,26.63462154979468,27.032428951163606,25.50643945161131,26.85351640724873,21.695628814236482
19,28.203178649809978,23.210968408063458,23.27281618861924,22.78451190633519,1.693080857911147,27.71026736930653,7.886664788027188,26.932485239108566,26.353806622834398,22.027749138025644,23.34561732044817,28.02253014187238,28.064045671081963,28.117456528887292,28.168761802833817,28.272205606742595,28.114180733854067,28.261470628697225,27.670453591282644,0.0,27.20147573357674,27.686876058541227,26.468882346661488,26.622486174718397,27.68148753402611,26.88663931973495,27.664308726953298,27.283214298534908,27.453493965494594,27.57935533056513,27.55807605825702,27.403487056521982,27.591836396882286,27.470245955925797,27.66373454300171,27.63665602898621,27.59405428733252,27.552747132962256,27.62647244482889,26.498612116464756,27.585770030582676,23.21295679882628,25.501211814806016,22.92538115911239,26.816713989442732,27.015734088104224,26.746220786511095,27.25689471132575,26.846507994263348,27.184054122812743,26.863949615111547,26.526168018335973
20,28.101652632374567,23.573019866682728,23.582115743559264,22.89703759789241,1.340845221692468,27.34813241840953,3.4614974228270494,26.926148187529364,25.64060507167808,21.970642260369065,23.685742296378983,27.981893738659167,28.07383531420017,28.096550288818598,28.09710719248872,28.148042803275743,28.10772723951924,28.159428404914795,27.864138742070327,27.20147573357674,0.0,27.947301850077327,27.461588934777744,27.365759404520812,27.94471601902096,26.51219942618448,27.850150542239167,27.531537983365446,27.646397637999335,27.807289814475872,27.75608154806651,27.711487015040944,27.786077987994386,27.73961899649186,27.88710516019464,27.856289138357976,27.872231682122333,27.693127593466848,27.89008682788046,26.647422866876664,27.87236132171507,23.698735132890963,23.736962701253702,19.969176089579946,26.446882909048245,23.431789864457624,27.093392577665973,27.105827221097652,27.314059408099123,26.399914373589628,27.166817327131845,23.799135208945962
21,28.603774141733005,23.567819160974285,23.57574632905555,22.897434617067052,1.3479695178689923,27.83146619018436,3.4695684307503862,26.921617294608982,26.107183514516795,21.969111049974448,23.6799529617314,28.52376992012777,28.55820103891928,28.581633801385575,28.582494353068473,28.642330951485256,28.59326625366598,28.671139662230424,27.86486680314135,27.686876058541227,27.947301850077327,0.0,28.105633768001276,27.606089684935434,28.76490100929297,27.596350882207254,28.616480095869864,28.157204029722934,28.496786768530647,28.561883157963184,28.475482154520112,28.41804986982355,28.508312573370713,28.47539726107718,28.67162251730895,28.625474166469772,28.645618744327596,28.476637714339454,28.669279055744035,27.16953233788435,28.609384169624033,23.76759437719366,24.412211661281873,20.32224104680904,27.144209987693593,23.684840945898493,27.61755335685987,27.556467663267103,27.87942336010518,27.009816759655177,27.667380738682933,24.489362008920207
22,27.229995053598397,22.004575365240314,22.15060838246565,22.134492448913583,1.6529854963991013,27.01825838197255,7.596033859754797,25.897196674640213,25.518996885711445,21.41958376146851,22.383978053410672,26.704198832283627,27.204880638095243,26.929761215250085,27.089525565122553,27.359350578257104,27.643124595054815,27.452061201892505,27.179628144870676,26.468882346661488,27.461588934777744,28.105633768001276,0.0,24.47429750172016,24.948313503932198,24.310431015509902,25.098079246704373,25.171462165554562,24.90242582379798,25.113896825088673,25.144027919236528,25.14865598148283,25.238591104865957,25.196241335519744,25.07409233389486,25.13055240296025,25.119040520120706,25.123647770974184,25.06103226671234,23.33249877082228,25.15466222452767,20.41825252288185,22.785890189222208,20.002434910404634,24.070046398886454,23.82606067275563,23.92969658985911,24.588591008623972,24.05845895143629,24.611487513580133,24.222303310819832,24.1252030808466
23,27.082416026917752,22.86433926716574,22.8902540255239,22.32254501928531,1.5712719678580311,26.3064207965481,6.167847224434735,25.791521483007884,25.122146492295922,21.252621478773165,22.64942964254092,27.151338646350506,27.357396208970766,27.118425694287,26.700085252104,26.627598394154234,27.283534576453906,27.088038747830122,26.86979036048969,26.622486174718397,27.365759404520812,27.606089684935434,24.47429750172016,0.0,23.38348935309726,23.354152944338324,23.827053911866074,23.803383969241736,23.58416881318396,23.751244290688113,23.944712755985563,23.95185125495517,24.01884680542769,23.934553438941677,23.697078122973494,23.812313847631152,23.75541277711495,23.811068854401856,23.700207388709742,22.061268827976193,23.862228048156954,19.807481832330232,20.778969036468272,19.583371154065013,22.3459336424036,22.069406932169418,22.758131893258557,22.858384043141886,22.937756593536776,22.978880894793708,22.328254262236396,22.317315480538486
24,28.592188036277825,23.557974858544142,23.563676879948098,22.935629625984,1.3655164220220908,27.829270410465963,3.7110328968155732,26.92479000403531,26.163380824358853,21.97330133485612,23.672346311708917,28.509131701724755,28.545224923561946,28.56989229014024,28.57023552214626,28.63265472966267,28.581419974909547,28.662142613979427,27.866924946891466,27.68148753402611,27.94471601902096,28.76490100929297,24.948313503932198,23.38348935309726,0.0,27.318237188491118,28.606762916558427,28.500310337658718,28.377824216451874,28.55042494934388,28.45966549637746,28.400727554865778,28.493569423918604,28.459627125293782,28.66200790120478,28.614339714617945,28.63516092562973,28.374036912641902,28.65986708535726,26.777779981094834,28.600967705463624,23.816882835833017,24.27762611225935,21.041219967076785,26.68268292270368,24.636744622630154,27.338745485103985,27.299315116908478,27.75349731636474,27.1057722067167,27.77489470293467,25.738332379513327
25,27.743077724250476,23.290547018511237,23.271670194518386,22.58958917665086,1.3482765696705643,26.86795034521517,3.506831703289174,26.531358758180488,25.161041973046796,21.678556710888948,23.334424087568696,27.666760066950378,27.700267529961586,27.65341572820913,27.59019076331049,27.659743348513548,27.75142419552397,27.916474987256322,26.450897840839954,26.88663931973495,26.51219942618448,27.596350882207254,24.310431015509902,23.354152944338324,27.318237188491118,0.0,24.451371375589805,24.412704668567212,24.316656795150266,24.38983742778614,24.44719035133056,24.423954959770604,24.470077122413,24.4207919202238,24.42503723911754,24.480291026460574,24.444409142319312,24.39379369958158,24.418731356951717,22.603023117461753,24.436234045391476,20.49103223729844,20.789527585658256,17.755242342810444,23.098359153219768,20.80103474889253,23.590463705604463,23.55193416967382,23.912057107424385,23.34368089652285,23.41418671430364,21.26987230956482
26,28.45604890606445,23.3834476983965,23.401648341958627,22.984997283545873,1.5668096715479596,27.863468423725507,6.344978785226894,27.039434122078887,26.416773489625612,22.100167913504276,23.56866216399428,28.30518290845238,28.36376010426903,28.3998967098826,28.395901587970748,28.492593710338845,28.41607133777818,28.512591209584034,27.786547205896664,27.664308726953298,27.850150542239167,28.616480095869864,25.098079246704373,23.827053911866074,28.606762916558427,24.451371375589805,0.0,28.094947901418426,28.196897938898932,28.400682160923356,28.222241354671866,28.133195983331056,28.274820413649966,28.221113043638322,28.50711776887258,28.45528468150381,28.484969421604536,28.198270975240558,28.509060364629907,27.012473039741426,28.45352153758633,23.796737278576263,25.765892900596924,23.811901265591814,26.661269940176197,27.543378656456472,27.159707171385655,28.025530817186468,27.59086574855452,27.811900880111423,27.59796315087521,27.389991390650632
27,28.242531140868145,22.57912667314476,22.909087274591094,22.473338531581177,1.6348979432223725,27.304965131519438,7.103336513383328,26.213465201554747,25.94242724480818,21.875338727549078,23.161221492083946,27.685888450048278,27.647471786082818,27.605509600104902,27.778719620580166,27.84714981993191,27.63727596633351,28.02962640696255,27.26056947934733,27.283214298534908,27.531537983365446,28.157204029722934,25.171462165554562,23.803383969241736,28.500310337658718,24.412704668567212,28.094947901418426,0.0,26.13760043181662,26.41338512494076,26.212520831293787,26.11783598113113,26.26807711495435,26.20908493169138,26.476058415280285,26.429626827535035,26.447825412088008,26.249496431542713,26.477180392212325,25.550579321505978,26.43390790674983,21.96660498436106,24.152654848002964,21.63272085771471,25.426486497683342,25.778861760947713,25.517218088198618,26.120150002712087,25.558249111517554,26.283834873567923,25.500767011270398,25.66386441470125
28,27.958523500621418,23.078783203539782,23.145053613319888,22.697422761706296,1.6580814915518747,27.60202245875203,7.249999726083836,26.696077896793525,26.33409702433851,21.948133961749697,23.28463180925187,27.93938735374115,28.11002800758249,28.00179693019127,27.85278960563984,28.103391845350966,28.017350744695296,28.234253208024576,27.612550457262248,27.453493965494594,27.646397637999335,28.496786768530647,24.90242582379798,23.58416881318396,28.377824216451874,24.316656795150266,28.196897938898932,26.13760043181662,0.0,26.856673724243475,26.81665932731779,26.714114906303664,26.86599248412422,26.82515512659653,26.868521758160835,26.82375188629546,26.829921084083875,26.56657360385223,26.82420191316862,25.826490185469797,26.816883954631827,22.379808441004304,24.95154223362918,22.301633263913356,25.539474224937532,26.339199284154333,25.6896922069834,26.353146330510654,25.932178776792647,26.52575058377856,26.208183583172655,26.163744190154144
29,28.374502989179646,23.33165748266178,23.353261881174838,22.922026809740412,1.627344804487418,27.799483586723724,6.761062834815634,26.986112363671438,26.321194223856608,22.01555030249352,23.500655008395015,28.232619944663718,28.30084258925514,28.342230499780698,28.33328579375279,28.3949158526315,28.355264494171085,28.426810147456504,27.735267252230415,27.57935533056513,27.807289814475872,28.561883157963184,25.113896825088673,23.751244290688113,28.55042494934388,24.38983742778614,28.400682160923356,26.41338512494076,26.856673724243475,0.0,28.129029777285457,28.0267434441004,28.191759811968147,28.129842179214727,28.42018731841425,28.372495620621496,28.39019998318724,28.048829533922543,28.420353279934513,27.060821918381468,28.374671190433055,23.87581998939453,26.065205967076675,23.698740256435304,26.77572523598157,27.724823661735446,27.093577975081885,28.073802173504077,26.72066399099595,27.949281281394168,27.242607572993226,27.640312078936027
30,28.17712581009824,23.172829294230326,23.189988304283247,22.868500755309277,1.7540466332775195,27.7484613539413,8.603371890609772,27.012584024377823,26.48943671656869,22.048715416846214,23.346584078176544,28.001477560038424,28.07098001824392,28.112548190451733,28.10239475526875,28.214096297606446,28.129016043780577,28.272112922926393,27.669470601382557,27.55807605825702,27.75608154806651,28.475482154520112,25.144027919236528,23.944712755985563,28.45966549637746,24.44719035133056,28.222241354671866,26.212520831293787,26.81665932731779,28.129029777285457,0.0,27.746091043842313,27.95339814168941,27.88725817950275,28.259522341451827,28.168905093073576,28.204897835030604,27.924544286325368,28.26085198939115,27.724353594040277,28.174322719676226,23.863057077880573,26.389331434974814,23.91984613639809,27.623675043554872,27.825555041870828,27.439402833408604,27.967916893822178,27.610817783523913,28.030827356156276,27.769527668751504,27.66377928899226
31,28.0822076516318,23.0718585607171,23.092735596087405,22.836541105963775,1.795871317174639,27.658274284497963,8.991604816247476,26.900819825665003,26.370172844059706,21.96496885409364,23.27072798708753,27.87881906605364,27.961556803669815,28.007647079945546,27.995511068499003,28.12376549249942,28.027377465930787,28.1898268771915,27.618190156130286,27.403487056521982,27.711487015040944,28.41804986982355,25.14865598148283,23.95185125495517,28.400727554865778,24.423954959770604,28.133195983331056,26.11783598113113,26.714114906303664,28.0267434441004,27.746091043842313,0.0,27.824696092693415,27.74788411460368,28.17592098292522,28.072925483785294,28.113693582461583,27.882802115063736,28.17668846123025,27.75536378488047,28.07797464961225,23.65689342844529,26.105852900103013,23.87132850221935,27.53213242997082,27.890384336936073,27.580631306906408,27.94787630740012,27.594111062240497,28.00925066371471,27.690202482113104,27.67963654309226
32,28.235117173080283,23.23758475042768,23.251419615649517,22.963706515587475,1.722565530544472,27.79467412455992,8.424482576970663,27.023453513314635,26.49541953152898,22.078795155250898,23.392374726202117,28.07667870393694,28.138574281576524,28.175839918386384,28.167459027598962,28.268339146807154,28.191040704056768,28.320490310403503,27.703897115074533,27.591836396882286,27.786077987994386,28.508312573370713,25.238591104865957,24.01884680542769,28.493569423918604,24.470077122413,28.274820413649966,26.26807711495435,26.86599248412422,28.191759811968147,27.95339814168941,27.824696092693415,0.0,27.954182811653762,28.309618758671473,28.226786210390294,28.25978372658796,27.951142764713836,28.310856036206694,27.880326637749963,28.23165837296276,23.864049606805146,26.28178177546605,23.930284419041527,27.66851055489297,27.924729356545498,27.655036865898634,28.05029067201287,27.604155209960865,28.04966958940069,27.61019677648871,27.671625715278793
33,28.178229074090865,23.17004475725933,23.19074196949599,22.95458806957373,1.7536195861284665,27.67988869161872,8.523889314114463,26.90712127317653,26.44201444176362,22.01424166609379,23.348445419902824,28.00120438846727,28.070720086471265,28.111332512862383,28.10253509914764,28.2147949549543,28.12911582064687,28.27155910626423,27.64892679102029,27.470245955925797,27.73961899649186,28.47539726107718,25.196241335519744,23.934553438941677,28.459627125293782,24.4207919202238,28.221113043638322,26.20908493169138,26.82515512659653,28.129842179214727,27.88725817950275,27.74788411460368,27.954182811653762,0.0,28.25977800122989,28.168841365803996,28.204976233782496,27.96936470800003,28.260756808062986,27.537138904297912,28.17402670695873,23.87860318245546,26.14328152326013,23.91843846124714,27.752024352216136,27.675235834771364,27.639146724055813,27.927943559385643,27.34377421333155,27.872580420154655,27.605895337427782,27.448906639722058
34,28.471805264636775,23.41236107907369,23.428838330028785,22.922285478269398,1.5294022658857638,27.864357466551628,5.599790883039257,27.013110724822752,26.342439257867277,22.05934805910115,23.58066267597578,28.33699335926055,28.391724364014657,28.42641092201074,28.42158350979359,28.511159461334692,28.441559015781305,28.55481832811483,27.82182404395419,27.66373454300171,27.88710516019464,28.67162251730895,25.07409233389486,23.697078122973494,28.66200790120478,24.42503723911754,28.50711776887258,26.476058415280285,26.868521758160835,28.42018731841425,28.259522341451827,28.17592098292522,28.309618758671473,28.25977800122989,0.0,28.479783984579832,28.507477585809614,28.071063207851722,28.548495579747147,26.504091385555586,28.47400125166098,23.717006307165313,24.55462153974756,22.883404831816247,26.775457582080037,26.81006494479096,27.62078129847201,27.91339975412381,27.413619696747674,27.696277707166757,27.291978081737813,26.767733170164604
35,28.427189324751463,23.35384126637471,23.3741867201321,23.0309685907621,1.5954038335448673,27.823503160322666,6.496064384609058,27.000850119558965,26.362963519784632,22.084768060328283,23.542504845020943,28.262161298303752,28.326317221097835,28.365758767446437,28.35923005265124,28.449744112916637,28.38262808255174,28.487674274438078,27.78507267084064,27.63665602898621,27.856289138357976,28.625474166469772,25.13055240296025,23.812313847631152,28.614339714617945,24.480291026460574,28.45528468150381,26.429626827535035,26.82375188629546,28.372495620621496,28.168905093073576,28.072925483785294,28.226786210390294,28.168841365803996,28.479783984579832,0.0,28.44422678945539,28.006612178936017,28.480373748064526,26.985213187734523,28.425091537648214,23.923621066593398,25.52104539347325,23.700038114573825,26.553976989140217,27.555381303303623,27.33102479274291,27.872851227040833,27.291881216272174,27.979371660245434,27.075683063005634,27.32772021776683
36,28.44344349791526,23.376311512092467,23.396482902456235,22.954779513442272,1.570669592935137,27.819313910729942,6.119858641621745,26.97913586378413,26.32891627774321,22.077721479315457,23.562454365754185,28.29218720271049,28.352220383064285,28.389369860294067,28.383693882772427,28.479270453434864,28.40609781525158,28.51485119123067,27.803508797553523,27.59405428733252,27.872231682122333,28.645618744327596,25.119040520120706,23.75541277711495,28.63516092562973,24.444409142319312,28.484969421604536,26.447825412088008,26.829921084083875,28.39019998318724,28.204897835030604,28.113693582461583,28.25978372658796,28.204976233782496,28.507477585809614,28.44422678945539,0.0,28.189099720244823,28.50776200056485,26.429656517221353,28.443193118160742,23.770718077959707,24.782606374785118,23.684953219366616,26.056530836574407,27.710221157807048,27.033639402421535,27.93798836785234,27.450774155213857,28.048079955109614,27.62367037558186,27.40397402938697
37,28.059198438788663,23.047762425192786,23.04145201697085,22.854076138197716,1.6589056767888328,27.662360536371384,7.386229645869618,26.87094561004086,26.337916294861998,22.08719218589637,23.272132167063283,27.91290714323831,28.115601248916512,28.16383962498587,27.944453742907815,28.14049364153269,28.121144243703707,28.13121775340614,27.553211290207177,27.552747132962256,27.693127593466848,28.476637714339454,25.123647770974184,23.811068854401856,28.374036912641902,24.39379369958158,28.198270975240558,26.249496431542713,26.56657360385223,28.048829533922543,27.924544286325368,27.882802115063736,27.951142764713836,27.96936470800003,28.071063207851722,28.006612178936017,28.189099720244823,0.0,26.883304857099247,25.840703339356704,26.884362047286967,22.433789433234296,24.64584314377396,22.092609515880675,26.152161917958214,26.074598178410803,26.24963002800606,26.371006246570715,26.181628347836813,26.535218847234255,26.24101405986772,25.962494920489767
38,28.47240761502867,23.41542598230778,23.433136551993332,23.043183649314386,1.5301230205933185,27.81887125583719,5.55828352446598,26.9725776463364,26.249699120117466,22.041478831505664,23.58389230480278,28.338884602055547,28.392607256590324,28.426836273580573,28.42264058896125,28.511481302907086,28.442728618251927,28.554926687579982,27.826113060542294,27.62647244482889,27.89008682788046,28.669279055744035,25.06103226671234,23.700207388709742,28.65986708535726,24.418731356951717,28.509060364629907,26.477180392212325,26.82420191316862,28.420353279934513,28.26085198939115,28.17668846123025,28.310856036206694,28.260756808062986,28.548495579747147,28.480373748064526,28.50776200056485,26.883304857099247,0.0,26.42855069461841,28.47394716452449,23.632384792119183,25.21081512947956,22.9290324912753,26.506566202598606,27.406151170758527,27.190196604753737,28.031918727672924,27.465644797866098,27.3368631090826,26.88306179368496,27.063946804766545
39,26.603025329216443,23.234807783831123,23.10915548664684,22.424354299002637,1.4780334183692077,26.251754684180902,5.339597204393609,25.97632737410448,24.951898664551045,21.495461082830506,22.95556225982896,27.20709027820157,27.43777721582941,27.32055985519231,27.20721153189056,26.845776349810784,27.40038025838346,26.785700321873634,26.04349718759093,26.498612116464756,26.647422866876664,27.16953233788435,23.33249877082228,22.061268827976193,26.777779981094834,22.603023117461753,27.012473039741426,25.550579321505978,25.826490185469797,27.060821918381468,27.724353594040277,27.75536378488047,27.880326637749963,27.537138904297912,26.504091385555586,26.985213187734523,26.429656517221353,25.840703339356704,26.42855069461841,0.0,20.683965928080628,19.240155680114963,17.786393254939007,18.014781297616764,18.971621235618308,18.27131847613424,20.077723133809528,19.388600627757096,20.198324465477896,19.18856412180375,19.874686852180883,18.572639944028268
40,28.42914964219203,23.35287467289755,23.379258719554965,22.97070093440738,1.5964566561876465,27.987700341472415,6.532489942355508,27.146798663234755,26.42148581658619,22.038927575235522,23.54331208217802,28.267581850985753,28.331558367732214,28.37061229850088,28.362817153701364,28.448634170041394,28.387451450233783,28.48052581656801,27.80619373339166,27.585770030582676,27.87236132171507,28.609384169624033,25.15466222452767,23.862228048156954,28.600967705463624,24.436234045391476,28.45352153758633,26.43390790674983,26.816883954631827,28.374671190433055,28.174322719676226,28.07797464961225,28.23165837296276,28.17402670695873,28.47400125166098,28.425091537648214,28.443193118160742,26.884362047286967,28.47394716452449,20.683965928080628,0.0,23.771208932062528,26.121140477104184,23.5883411975067,26.686283869100375,27.625670657663544,27.157268993284138,28.160480026152527,26.95084654478221,28.205199357256,27.439694816493386,27.701960090743583
