,0,1,2,3,4,5,6,7,8,9,10,11,12,13,14,15,16,17,18,19,20,21,22,23,24,25,26,27,28,29,30,31,32,33,34,35,36,37,38,39,40,41,42,43,44,45,46,47,48,49,50,51
0,0.0,1168.1571352677934,1169.103267509886,1175.9363326169573,1464.7519193772484,1506.478933068067,1420.3154316704563,1421.532135967269,1420.7336202438914,1240.8697655768622,1247.7690317950244,1413.4938647497374,1416.6963226022979,1418.7174007778003,1418.264817848932,1593.116573185649,1419.4738929178568,1879.6518969653469,2806.405899690597,1412.8922689942565,3739.902944531379,3689.886864283557,1415.5648076975924,1553.6632401850716,3431.0625643533385,3587.6210163958626,1593.5387387396088,1418.466878937871,1416.1128803618217,1418.7251494589818,1408.8562905049114,1404.1103825815908,1411.7558586540142,1408.9114537045432,1822.1955369367536,1421.3594662375729,1564.3893923853395,1416.1157856608265,1822.2340873618348,1962.0196470823055,1421.4574821096016,1362.565679737971,2668.423221984076,2444.932530122094,1765.6511721649133,3147.8004276391052,1712.100391823228,2788.214057486949,1420.0664338183738,2709.9356091862774,1852.7189386072791,2816.8801997193536
1,1168.1571352677934,0.0,767.7420342066839,1118.434878744241,1452.7778035059966,1237.6895004259186,1082.6717009106685,1166.924675847418,1119.0649242149534,1229.9829616940833,1239.017697767864,767.8734870965799,908.6883586062349,1002.8234663513786,979.3426292830472,1309.6463892491336,1049.815516612549,1545.7114584736255,2351.642597348226,790.0892358083292,3135.2116422688036,3040.2486717656816,905.3648995137601,1279.9847675849771,2826.9569830252967,3015.122442722159,1309.473071110204,1000.9748901092466,906.9864676669165,1026.5929292371184,718.3577081211398,715.2276153822302,720.3651272632579,718.2713874750392,1498.3911090607162,1167.6920633187353,1285.6971331650852,905.5828974711515,1498.587262867698,1631.880120475814,1167.6437336448773,1306.6730794875925,2281.5601795613197,2349.9026323754456,1460.8350317652655,2611.648431039904,1424.164378940068,2327.4250035115556,1093.9219668470612,2244.006133330378,1543.741577321919,2351.6977895480436
2,1169.103267509886,767.7420342066839,0.0,1119.1707000573451,1453.860702777541,1238.634755433771,1083.7635441000057,1167.9841342259645,1119.9833197034861,1231.1582279944153,1240.0476413729818,768.8627200615739,909.625278159231,1003.8645288096326,980.3638331352047,1310.6177948728255,1050.8781365181876,1546.8518202029957,2352.6822658192445,791.2757504130543,3136.4213938933826,3041.271276448166,906.2169298029012,1280.943808335221,2827.641225593772,3016.2705437893624,1310.4923071496833,1001.958201311997,907.8922929817724,1027.5435227716928,765.2696140413474,762.0602746708847,767.2968473164341,765.2944849933675,1499.4456531218423,1168.709336006605,1286.806559635092,906.5359588153323,1499.7207393275733,1632.88021247505,1168.962935977748,1307.722535272127,2282.7239049827704,2350.96101158346,1462.0134570113298,2612.965869311885,1425.069328643417,2328.592780682857,1094.6188927760852,2244.75615050567,1544.5996326918917,2352.4788261067733
3,1175.9363326169573,1118.434878744241,1119.1707000573451,0.0,1438.649282225373,1231.941094030028,1119.255754024611,1164.0689050631274,1119.6811637074536,1228.8484397821917,1232.9022509101335,1113.8208810003018,1116.3826220331346,1118.120647775842,1117.6121274043066,1301.0332652342793,1118.5622466586126,1528.4673925559412,2301.9713632918524,1113.887526481674,3054.5059942221924,2962.985159611588,1115.0194920243234,1273.5405298185426,2757.983524197381,2945.99339172966,1301.0374975066911,1117.9426593284165,1116.2790421716022,1117.8135483257236,1110.264617747121,1106.450212229509,1112.5987257244824,1110.3714273014332,1482.5842502483936,1164.9479229373444,1278.369814343522,1116.0244050402225,1482.8017233042976,1610.5248280154658,1165.0583430284873,1298.8528045563835,2234.4138201920805,2300.0656440304315,1447.6190230022821,2551.3276685644437,1412.1387496592345,2278.5418857200143,1119.5543550480404,2202.9913376939744,1525.776101242217,2301.6960846457728
4,1464.7519193772484,1452.7778035059966,1453.860702777541,1438.649282225373,0.0,129.80998351478186,129.6219626539652,129.64113944502898,129.5715076525575,129.7359688990247,129.74412718389718,129.0891539122375,129.40802964590608,129.51125437046926,129.426185463104,129.7878206846955,129.59627644576912,132.95607272792824,166.86064976844452,129.17574777889612,199.6857023358547,195.66852621093798,129.35640406260225,129.8453277782431,186.73966563103747,195.7057716305194,129.9030884338372,129.48475228471386,129.32386411869075,129.42957422695127,128.75115293348335,128.35583051879982,129.00439757173788,128.78857208236488,130.93344330862655,129.69750421334948,129.8051425199436,129.24979508056856,130.9275448284783,135.92946616808297,129.658814796735,129.8214416741202,164.9688913200443,168.07557038037845,129.95969837299495,178.76756227023475,129.99324363555746,165.86178535896713,129.52492586183993,162.8242938888079,133.09736298262354,166.8630822381461
5,1506.478933068067,1237.6895004259186,1238.634755433771,1231.941094030028,129.80998351478186,0.0,1489.0868373696378,1490.477734525711,1489.7839261074196,1227.7339051854494,1231.995222126845,1482.4620936094366,1485.681405319396,1487.7377906825104,1487.422364065821,1574.5424486109684,1488.5682830877402,1850.9668632982857,2746.3039716702365,1481.9831142844403,3644.0128625574575,3598.0073953440574,1484.0387846870624,1538.6158979250595,3348.2206018167085,3497.444511573355,1574.3649181022615,1487.2211535769686,1485.0095334637115,1487.8273808459405,1477.9685889131065,1473.162495269447,1480.8409796042222,1477.9221827746026,1795.5754284809407,1490.6344009323261,1546.856757450742,1484.8213541233386,1795.7286029434267,1931.318830281179,1490.7140384467368,1343.46888391505,2608.6340876524687,2381.823161666759,1740.0122137561846,3074.344399371193,1691.084187863169,2726.0902146078506,1488.4754678255993,2651.1449578257448,1827.7033213161492,2756.144880795975
6,1420.3154316704563,1082.6717009106685,1083.7635441000057,1119.255754024611,129.6219626539652,1489.0868373696378,0.0,587.4528255234842,587.125172152114,489.49663000444,490.09254524468986,584.2995353634465,586.1382827312691,586.628035811991,586.0156972183007,588.1552486307934,587.0200993105942,589.3437243327039,591.2307844265657,583.8505918716127,592.4666465230634,592.3660626827016,584.7724669275041,587.445353248969,592.4287636210931,592.1873285476682,588.7128428084008,586.5460718866,585.6027704414864,585.9063837315451,582.6577832838594,580.6102469344459,583.8723364313088,582.6296497728442,589.0011169666883,587.7109717239183,588.1444940504344,585.5262544111984,589.0514917184145,589.5455837932523,587.564667945963,536.3470395493767,590.4458996229458,575.896798510893,588.4128644101838,591.0680164640773,588.5222713800315,591.1908873655182,586.6177715231474,590.5937388650434,589.0026955193797,590.9887407595644
7,1421.532135967269,1166.924675847418,1167.9841342259645,1164.0689050631274,129.64113944502898,1490.477734525711,587.4528255234842,0.0,1372.5532876905913,1222.9909519283517,1230.1304760269463,1365.6073146789877,1368.7323899572066,1370.5242459673557,1370.2527887664974,1533.1014567359932,1371.4598079104069,1799.4222556083669,2707.620079032102,1365.0733512019117,3590.8659085335694,3483.9878223756714,1367.3024848122666,1500.523018894535,3243.295325736185,3458.227736046181,1533.1327254121638,1370.1574592341,1367.7339867184846,1370.7425515378782,1361.2391466385363,1356.6690520099307,1364.0389535260908,1361.201720748942,1746.1362080838474,1373.277362398944,1506.303156104854,1368.1081639038562,1746.2340227135794,1883.706701252982,1373.3324664477636,1341.4435281724666,2551.3649300600696,2379.807330625653,1695.4058137356294,2985.9590020222413,1652.8482303454475,2666.558303657416,1371.8990717652628,2573.928812051411,1776.4730135410368,2676.0240837743
8,1420.7336202438914,1119.0649242149534,1119.9833197034861,1119.6811637074536,129.5715076525575,1489.7839261074196,587.125172152114,1372.5532876905913,0.0,1209.5141269781136,1214.6456820186056,1294.1761461655085,1297.0232334888794,1298.767470666278,1298.456190297813,1505.9665097453026,1299.6824452752571,1762.453481659725,2585.8028250765556,1293.3098207110095,3422.498435665372,3384.777990821068,1295.8458896471072,1467.1755842765326,3152.961414188303,3282.095277011959,1506.1470150830676,1298.670274733558,1296.3616431587452,1298.621308031183,1289.757698084406,1285.4009500977081,1292.4413729578062,1289.786637470319,1711.0930083629225,1351.9787597212767,1480.1474094582345,1296.2671435655332,1711.168406887932,1838.9106626315795,1352.0702632156078,1322.914256007388,2484.299403158474,2312.1846830086934,1666.8512293356766,2903.997531350341,1611.6547573121652,2577.1496983179,1300.510543596626,2511.8980343693606,1754.2661113154895,2624.1201933473853
9,1240.8697655768622,1229.9829616940833,1231.1582279944153,1228.8484397821917,129.7359688990247,1227.7339051854494,489.49663000444,1222.9909519283517,1209.5141269781136,0.0,1189.7173061557505,1182.7131331606795,1185.3550905140228,1186.989481339019,1186.4911941067955,1254.9207170365646,1187.4224200402373,1472.4800408382214,2213.212101567779,1182.415355700651,2933.2888910636725,2845.776668710016,1184.013282937466,1228.4321987554251,2649.430167070038,2828.547271867637,1255.1153189647794,1186.7020795105025,1185.0638571230886,1186.5757792583101,1179.3190040988957,1175.4483079981426,1181.5369138975586,1179.309120850989,1428.6651618851176,1189.017231915774,1233.1658937065104,1184.6230686994554,1428.9334930673922,1550.9366453982052,1188.884155937285,1254.45312609035,2150.6538885860477,2212.7411763283503,1400.3080387673594,2452.897769235394,1360.9658025156655,2190.3074664337396,1187.9762490348617,2118.728706291726,1471.9899852635128,2212.7814211079567
10,1247.7690317950244,1239.017697767864,1240.0476413729818,1232.9022509101335,129.74412718389718,1231.995222126845,490.09254524468986,1230.1304760269463,1214.6456820186056,1189.7173061557505,0.0,1241.0456878174407,1243.8479870849849,1245.5279295561415,1245.0319718808294,1319.556723291912,1246.0530916613825,1556.9031417918234,2364.823004948995,1240.9349423519786,3150.203725418405,3054.7139320633514,1242.1076156491686,1290.3644136263833,2840.6815574050706,3029.522418661373,1319.8450811836797,1245.0629367690344,1243.4982423057227,1245.5347154449355,1237.368956143357,1233.3485833156385,1239.7958604887122,1237.467607254849,1509.16241126245,1247.75275678611,1295.93499011648,1243.1368208546082,1509.369107507378,1643.0735420594428,1247.7955403554347,1316.5782803519976,2293.9193580988467,2362.4664636088187,1471.585764448272,2624.9854659610146,1434.7454686968738,2340.236926044535,1246.462841057241,2256.5046247187283,1554.5035210941064,2364.225303466366
11,1413.4938647497374,767.8734870965799,768.8627200615739,1113.8208810003018,129.0891539122375,1482.4620936094366,584.2995353634465,1365.6073146789877,1294.1761461655085,1182.7131331606795,1241.0456878174407,0.0,1099.1559656652544,1213.304038391115,1184.6833559291713,1584.6825061609993,1270.3026616247412,1870.892247254021,2788.2492922227875,956.138908610918,3729.3982543268903,3679.5663196964815,1100.8015835414158,1529.0417956585156,3421.0958042069715,3577.234633897322,1585.0902428733332,1211.6195532224056,1097.4817767521563,1242.2352775652032,924.0487594812679,920.00102917977,926.5303972299191,924.0397448194196,1813.5675749926752,1413.1080649151875,1556.0702961490772,1095.9609112611865,1813.688614531555,1953.4332695262392,1413.3790925492876,1354.9915598104492,2659.404594609179,2436.2876442208517,1757.337006361288,3138.118438876375,1692.3059417420732,2778.720192386634,1308.662616358341,2700.798625626066,1837.610458278812,2807.6131830367563
12,1416.6963226022979,908.6883586062349,909.625278159231,1116.3826220331346,129.40802964590608,1485.681405319396,586.1382827312691,1368.7323899572066,1297.0232334888794,1185.3550905140228,1243.8479870849849,1099.1559656652544,0.0,1216.3370364008658,1187.8201756529786,1588.0953197929475,1273.39344129624,1874.3927864350221,2792.172234038958,1099.536572941861,3733.820096788624,3684.0079340205866,1126.5982853771368,1538.0209096429746,3425.426990827433,3581.621663434782,1588.3705658390663,1214.606150154629,1102.3094604611333,1245.2370739272262,1094.7682207115129,1090.500715343123,1097.404396981484,1094.7580833723796,1817.070359296938,1416.3158610548915,1559.3721210685358,1102.7568818304203,1817.1268644217807,1956.8806120613108,1416.5779183866107,1357.9751221041251,2663.34814572532,2439.943084999156,1760.664765381732,3142.3258278014987,1696.5469138487256,2782.69552844434,1311.6644171117694,2704.6560139882863,1840.9490973751983,2811.5282192382597
13,1418.7174007778003,1002.8234663513786,1003.8645288096326,1118.120647775842,129.51125437046926,1487.7377906825104,586.628035811991,1370.5242459673557,1298.767470666278,1186.989481339019,1245.5279295561415,1213.304038391115,1216.3370364008658,0.0,1217.7828014902914,1590.1744592016569,1275.3284416408476,1876.5844681849753,2796.765980562469,1213.3802892493688,3736.841188412875,3687.0307603787383,1216.1634488140978,1543.8613216942033,3428.387074816829,3584.5596442923184,1590.394215753426,1218.4127175191252,1216.2252588979572,1247.0581419903506,1208.8395721894244,1204.3288244376586,1211.5611164906147,1208.7872980530826,1819.2902990086873,1418.287938372322,1561.4153423161736,1216.50377075776,1819.3175215091567,1959.0264387518755,1418.5306149250437,1359.5569726652748,2665.9478231882017,2441.998364520355,1762.753331575229,3145.2152876621108,1702.3942797434383,2785.3514499539488,1315.3983609902753,2707.111219038796,1843.0769673297582,2814.147242317955
14,1418.264817848932,979.3426292830472,980.3638331352047,1117.6121274043066,129.426185463104,1487.422364065821,586.0156972183007,1370.2527887664974,1298.456190297813,1186.4911941067955,1245.0319718808294,1184.6833559291713,1187.8201756529786,1217.7828014902914,0.0,1589.7917049321557,1274.958118100816,1876.4806025704618,2795.7916600274916,1184.9345463508885,3736.9152566009993,3687.141771545834,1187.6680314135965,1542.6526825123876,3428.428262657551,3584.566429838294,1590.170488926362,1216.1099272054103,1187.824706214127,1246.6645749251227,1180.3005797212875,1175.8114648769583,1183.0332791591568,1180.3064741642006,1818.9813446267897,1417.9615026325623,1561.1031635524826,1187.995361402742,1819.04899769352,1958.9438540815763,1418.1408576850683,1359.302223753149,2665.67400025791,2441.973620624305,1762.527150003454,3144.9957948934416,1701.2526595987742,2785.211114434773,1314.2140648059988,2707.271809153208,1842.9169149659447,2814.1629286613756
15,1593.116573185649,1309.6463892491336,1310.6177948728255,1301.0332652342793,129.7878206846955,1574.5424486109684,588.1552486307934,1533.1014567359932,1505.9665097453026,1254.9207170365646,1319.556723291912,1584.6825061609993,1588.0953197929475,1590.1744592016569,1589.7917049321557,0.0,1591.0725783904065,1882.2392236917856,2816.115946139532,1584.193719710804,3744.665744039428,3694.860692741597,1586.271671905357,1594.5180538572758,3435.91856755952,3597.0236082137408,1595.5852477789747,1589.786736455892,1587.364317597795,1590.1152877473635,1579.9893926659608,1574.9308675799673,1583.0269922212008,1580.0285174774403,1824.7142055254203,1593.1856703233311,1594.8391453923525,1587.032682182867,1824.7348033860535,1964.752587229559,1593.1235135223185,1367.8753275314239,2672.160019083293,2448.1175213768083,1768.0146362563344,3152.095864201237,1720.2197958191966,2791.983316695659,1590.7422041054424,2713.750700225701,1861.0374140128467,2820.8390302620714
16,1419.4738929178568,1049.815516612549,1050.8781365181876,1118.5622466586126,129.59627644576912,1488.5682830877402,587.0200993105942,1371.4598079104069,1299.6824452752571,1187.4224200402373,1246.0530916613825,1270.3026616247412,1273.39344129624,1275.3284416408476,1274.958118100816,1591.0725783904065,0.0,1877.6950604537656,2799.975251156189,1270.2588273024078,3738.3277228560573,3688.53134672291,1272.8844470964495,1546.591881814323,3429.770396989146,3585.9969538956957,1591.299994915578,1275.4116692315947,1273.2505248578868,1275.9869022376986,1265.805721970126,1261.231985966886,1268.5968316825542,1265.8102119291088,1820.2597770100035,1419.131404127587,1562.3353798388368,1273.396442832475,1820.3346315681233,1960.2050265539376,1419.3725725116892,1360.487319887137,2666.9951905156927,2443.361085925244,1763.6887071684862,3146.4087312929537,1705.2685690727083,2786.492222145412,1320.1309856271162,2708.4157497852707,1845.9666577119583,2815.4105644580222
17,1879.6518969653469,1545.7114584736255,1546.8518202029957,1528.4673925559412,132.95607272792824,1850.9668632982857,589.3437243327039,1799.4222556083669,1762.453481659725,1472.4800408382214,1556.9031417918234,1870.892247254021,1874.3927864350221,1876.5844681849753,1876.4806025704618,1882.2392236917856,1877.6950604537656,0.0,2829.1245159259897,1869.7468376498753,3748.5041862543376,3698.577016427725,1871.576715412875,1880.3974402083322,3439.457113677532,3610.461784640013,1881.831019832546,1875.7803074440847,1873.0932937433997,1876.1694697321295,1865.9594529131423,1860.5285738946386,1869.152360486631,1865.922901013439,1884.6180096555786,1880.1865021129133,1881.980178621224,1872.6690915005308,1884.6251613802785,1973.528846137983,1879.7147038934886,1604.02946971537,2675.6735617314707,2451.004749911968,1883.9933561690814,3155.8570960078114,1882.778619284522,2795.360581700983,1875.806622035993,2716.97109882604,1885.2938944665154,2824.204554328549
18,2806.405899690597,2351.642597348226,2352.6822658192445,2301.9713632918524,166.86064976844452,2746.3039716702365,591.2307844265657,2707.620079032102,2585.8028250765556,2213.212101567779,2364.823004948995,2788.2492922227875,2792.172234038958,2796.765980562469,2795.7916600274916,2816.115946139532,2799.975251156189,2829.1245159259897,0.0,2773.254019275777,3717.0927882006054,3606.2729305666826,2774.3468820543517,2784.7162926107158,3356.2960213233714,3580.2350702139374,2786.6150883999403,2779.934388046597,2776.8629157255955,2780.3046140884107,2770.066762694501,2763.5876519849244,2773.7256802810866,2769.9506603780806,2791.906155444818,2786.7374747361946,2788.9767735193095,2775.9562093097916,2791.7613227684897,2791.823771200467,2785.556862184207,2409.8874241399853,2798.95311086595,2462.845149365054,2787.206947653223,3089.3611675344987,2785.4082419776078,2799.901818625345,2778.5718653696526,2799.230652829727,2788.056833879742,2801.2091413899284
19,1412.8922689942565,790.0892358083292,791.2757504130543,1113.887526481674,129.17574777889612,1481.9831142844403,583.8505918716127,1365.0733512019117,1293.3098207110095,1182.415355700651,1240.9349423519786,956.138908610918,1099.536572941861,1213.3802892493688,1184.9345463508885,1584.193719710804,1270.2588273024078,1869.7468376498753,2773.254019275777,0.0,3621.4262602400536,3575.475755118321,1089.7071649615277,1500.509054342233,3326.170158362139,3473.4928745068823,1554.6451166686109,1194.292585594971,1084.9718230377407,1223.6314943168068,944.0000781277653,940.0072903079205,946.4714570587605,943.9499925807212,1775.119285707671,1388.7923031779633,1526.6384786736728,1084.6059592272206,1775.144372242874,1908.7385863376503,1388.7709025003728,1326.677486953533,2590.681140412389,2364.038631736145,1725.4141603433316,3054.0809814662034,1656.6571605692213,2705.0944561634124,1288.260473002859,2630.5941994844457,1798.8934146904421,2732.6903478961553
20,3739.902944531379,3135.2116422688036,3136.4213938933826,3054.5059942221924,199.6857023358547,3644.0128625574575,592.4666465230634,3590.8659085335694,3422.498435665372,2933.2888910636725,3150.203725418405,3729.3982543268903,3733.820096788624,3736.841188412875,3736.9152566009993,3744.665744039428,3738.3277228560573,3748.5041862543376,3717.0927882006054,3621.4262602400536,0.0,3733.3863284397826,3698.159559639967,3710.2773536713116,3732.0028828875365,3732.799877575765,3712.865893216977,3705.4962246226482,3702.1106253315797,3705.7778953781662,3694.857468854926,3687.475706911612,3699.0809931213007,3694.821862291668,3719.91392007789,3714.0057178046695,3716.6001526523105,3700.494308264895,3719.6023849668277,3718.5151805129103,3712.1062560398136,3193.9053979543555,3724.786482729674,3245.123770917676,3712.407446436766,3729.4471541466887,3709.698588631973,3725.8709706805794,3702.629727503836,3725.7923815553995,3712.782674223428,3725.894817997952
21,3689.886864283557,3040.2486717656816,3041.271276448166,2962.985159611588,195.66852621093798,3598.0073953440574,592.3660626827016,3483.9878223756714,3384.777990821068,2845.776668710016,3054.7139320633514,3679.5663196964815,3684.0079340205866,3687.0307603787383,3687.141771545834,3694.860692741597,3688.53134672291,3698.577016427725,3606.2729305666826,3575.475755118321,3733.3863284397826,0.0,3676.760343567142,3688.459270121681,3710.6722301987925,3711.521195026335,3691.525932367212,3684.247030844604,3680.889879084683,3684.482927377251,3673.3371979330955,3665.9284332072384,3677.5723219648225,3673.3262466789574,3698.6393047328556,3692.6861674745983,3695.284818018259,3679.1970889134623,3698.33699819098,3696.925561464456,3690.6105578814986,3098.4006092335826,3703.723460065825,3149.6589025606836,3691.043986742595,3708.5711319094576,3688.104888198507,3704.625492486381,3680.949033255362,3704.462916742401,3691.641272429431,3704.7449707637948
22,1415.5648076975924,905.3648995137601,906.2169298029012,1115.0194920243234,129.35640406260225,1484.0387846870624,584.7724669275041,1367.3024848122666,1295.8458896471072,1184.013282937466,1242.1076156491686,1100.8015835414158,1126.5982853771368,1216.1634488140978,1187.6680314135965,1586.271671905357,1272.8844470964495,1871.576715412875,2774.3468820543517,1089.7071649615277,3698.159559639967,3676.760343567142,0.0,1385.2622653381982,3007.255613003232,3153.3500349333763,1427.1350492063732,1107.6095535998745,1033.3219671021022,1131.5190221361531,1026.705170055334,1022.726697999116,1029.1332594738537,1026.6526505448285,1623.7682864719068,1279.3064130396165,1402.1687246018741,1033.6131196915208,1623.7451560076356,1739.2497102169914,1279.3264882892022,1197.302899694842,2337.7108074174694,2102.4420621144786,1576.372515004506,2760.5501343268043,1517.15250341282,2449.061624753828,1189.1881711200572,2394.3170118526796,1639.5417684586864,2473.574735987567
23,1553.6632401850716,1279.9847675849771,1280.943808335221,1273.5405298185426,129.8453277782431,1538.6158979250595,587.445353248969,1500.523018894535,1467.1755842765326,1228.4321987554251,1290.3644136263833,1529.0417956585156,1538.0209096429746,1543.8613216942033,1542.6526825123876,1594.5180538572758,1546.591881814323,1880.3974402083322,2784.7162926107158,1500.509054342233,3710.2773536713116,3688.459270121681,1385.2622653381982,0.0,2840.9902448068556,3046.2198171245,1384.2344802925827,1356.9642808151941,1354.9652065344487,1357.0308648991693,1349.060752479083,1344.7260361181332,1351.505289056272,1348.8369172522268,1565.6812516156574,1360.0185277117416,1361.3396766184994,1354.534820646485,1565.7409758137271,1679.4846045667703,1360.0367073973734,1194.5592913021135,2240.1227781520747,2056.8096010499976,1523.8061208942988,2619.397282126005,1488.0237866671487,2348.8678875610635,1357.8236132686798,2278.399576690607,1591.7638481820386,2350.831142583862
24,3431.0625643533385,2826.9569830252967,2827.641225593772,2757.983524197381,186.73966563103747,3348.2206018167085,592.4287636210931,3243.295325736185,3152.961414188303,2649.430167070038,2840.6815574050706,3421.0958042069715,3425.426990827433,3428.387074816829,3428.428262657551,3435.91856755952,3429.770396989146,3439.457113677532,3356.2960213233714,3326.170158362139,3732.0028828875365,3710.6722301987925,3007.255613003232,2840.9902448068556,0.0,3675.767258773378,3432.8115499870114,3425.7940049864687,3422.5677818312743,3426.0509939212657,3415.1598595652945,3408.0873065838928,3419.2283308702326,3415.155255035256,3439.440948144573,3433.720765754153,3436.219311075568,3421.043831536638,3439.1840502428713,3438.113380777251,3432.116124655636,2884.875996693,3445.049296565129,2935.9788508986785,3432.5962562203413,3449.7700566322146,3429.8546293453173,3445.9417296438205,3422.924725149802,3445.6863648968756,3433.2018409890247,3445.959286430299
25,3587.6210163958626,3015.122442722159,3016.2705437893624,2945.99339172966,195.7057716305194,3497.444511573355,592.1873285476682,3458.227736046181,3282.095277011959,2828.547271867637,3029.522418661373,3577.234633897322,3581.621663434782,3584.5596442923184,3584.566429838294,3597.0236082137408,3585.9969538956957,3610.461784640013,3580.2350702139374,3473.4928745068823,3732.799877575765,3711.521195026335,3153.3500349333763,3046.2198171245,3675.767258773378,0.0,3183.605523003592,3176.967976331025,3173.6390925934543,3176.9237607425152,3167.6480676326005,3161.0550130415427,3171.0929395866488,3167.2494083355546,3188.913515292922,3183.944775548644,3185.967645190692,3171.9898101876647,3188.5676534196814,3187.5310576249694,3182.3760468832807,2699.004072515326,3193.2429155499817,2747.983282229933,3182.659848541825,3197.14113392844,3180.4582573785456,3194.3443078465425,3174.905538693034,3193.7673618485856,3183.0019552532353,3194.0029168220976
26,1593.5387387396088,1309.473071110204,1310.4923071496833,1301.0374975066911,129.9030884338372,1574.3649181022615,588.7128428084008,1533.1327254121638,1506.1470150830676,1255.1153189647794,1319.8450811836797,1585.0902428733332,1588.3705658390663,1590.394215753426,1590.170488926362,1595.5852477789747,1591.299994915578,1881.831019832546,2786.6150883999403,1554.6451166686109,3712.865893216977,3691.525932367212,1427.1350492063732,1384.2344802925827,3432.8115499870114,3183.605523003592,0.0,1589.7365096098897,1587.5379680588512,1590.4382010117083,1580.4455158616245,1575.4589750665398,1583.3899431643981,1580.3823304437462,1824.455537207845,1593.4959421642134,1595.158287609854,1587.1321192455353,1824.579863336314,1964.162892639752,1593.3972061048344,1368.0577670963023,2670.437348027669,2446.06394675856,1768.0195714963509,3149.800867957234,1720.0164600766525,2789.8260443504814,1590.7388582949022,2711.968063075545,1860.556727632363,2818.8065980944098
27,1418.466878937871,1000.9748901092466,1001.958201311997,1117.9426593284165,129.48475228471386,1487.2211535769686,586.5460718866,1370.1574592341,1298.670274733558,1186.7020795105025,1245.0629367690344,1211.6195532224056,1214.606150154629,1218.4127175191252,1216.1099272054103,1589.786736455892,1275.4116692315947,1875.7803074440847,2779.934388046597,1194.292585594971,3705.4962246226482,3684.247030844604,1107.6095535998745,1356.9642808151941,3425.7940049864687,3176.967976331025,1589.7365096098897,0.0,1134.3078287739727,1163.131778068364,1127.8385357800848,1123.6643041985576,1130.299070125306,1127.6910068381724,1695.2366281374268,1322.3688068936037,1455.4719443347803,1134.7561783371038,1695.308907845614,1822.9202489255586,1322.5849106125463,1252.4978191618513,2475.709442701733,2245.4474684057936,1643.6495447999496,2927.083519184245,1585.1170569708183,2590.917722468672,1228.0671412497395,2526.6370920683057,1714.7326139267939,2617.738857817764
28,1416.1128803618217,906.9864676669165,907.8922929817724,1116.2790421716022,129.32386411869075,1485.0095334637115,585.6027704414864,1367.7339867184846,1296.3616431587452,1185.0638571230886,1243.4982423057227,1097.4817767521563,1102.3094604611333,1216.2252588979572,1187.824706214127,1587.364317597795,1273.2505248578868,1873.0932937433997,2776.8629157255955,1084.9718230377407,3702.1106253315797,3680.889879084683,1033.3219671021022,1354.9652065344487,3422.5677818312743,3173.6390925934543,1587.5379680588512,1134.3078287739727,0.0,1198.180401562933,1058.402689253837,1054.2844883572793,1060.9574384854347,1058.4442320796259,1730.401817890295,1357.6021909981923,1490.611657954949,1065.950813548252,1730.350251535142,1858.2381589024353,1357.4693389262836,1289.9881137965788,2513.590886354889,2284.4354115740157,1683.2871439270612,2964.3203102335724,1615.6624696678505,2626.149802072244,1259.825148572184,2555.698939633454,1752.3220704319965,2652.93348853632
29,1418.7251494589818,1026.5929292371184,1027.5435227716928,1117.8135483257236,129.42957422695127,1487.8273808459405,585.9063837315451,1370.7425515378782,1298.621308031183,1186.5757792583101,1245.5347154449355,1242.2352775652032,1245.2370739272262,1247.0581419903506,1246.6645749251227,1590.1152877473635,1275.9869022376986,1876.1694697321295,2780.3046140884107,1223.6314943168068,3705.7778953781662,3684.482927377251,1131.5190221361531,1357.0308648991693,3426.0509939212657,3176.9237607425152,1590.4382010117083,1163.131778068364,1198.180401562933,0.0,1237.67731020056,1233.1767115404177,1240.4374317265983,1237.7130558854483,1818.891988378512,1418.6247810310745,1561.460999075298,1245.204971628097,1818.9026099158089,1958.4581422875517,1418.7335595216528,1359.7364430675304,2664.3235683253747,2440.853405701541,1762.3538047472593,3143.139871724862,1703.0017558593067,2783.7466619927736,1317.8726739087492,2705.4105918763453,1843.6235226676406,2812.4723209183094
30,1408.8562905049114,718.3577081211398,765.2696140413474,1110.264617747121,128.75115293348335,1477.9685889131065,582.6577832838594,1361.2391466385363,1289.757698084406,1179.3190040988957,1237.368956143357,924.0487594812679,1094.7682207115129,1208.8395721894244,1180.3005797212875,1579.9893926659608,1265.805721970126,1865.9594529131423,2770.066762694501,944.0000781277653,3694.857468854926,3673.3371979330955,1026.705170055334,1349.060752479083,3415.1598595652945,3167.6480676326005,1580.4455158616245,1127.8385357800848,1058.402689253837,1237.67731020056,0.0,721.3983671399002,838.6019442506822,725.0687126670715,1808.609429852917,1408.4452546536784,1551.269380926683,1091.7019515085422,1808.6945273210335,1948.365188069653,1408.7161359838115,1351.0565695858968,2654.0243266721554,2431.5325138871062,1752.4981553136456,3132.3796516073894,1687.5187713644666,2773.2435725311307,1304.1452640592988,2695.217178420416,1832.7888261375992,2802.0639610550575
31,1404.1103825815908,715.2276153822302,762.0602746708847,1106.450212229509,128.35583051879982,1473.162495269447,580.6102469344459,1356.6690520099307,1285.4009500977081,1175.4483079981426,1233.3485833156385,920.00102917977,1090.500715343123,1204.3288244376586,1175.8114648769583,1574.9308675799673,1261.231985966886,1860.5285738946386,2763.5876519849244,940.0072903079205,3687.475706911612,3665.9284332072384,1022.726697999116,1344.7260361181332,3408.0873065838928,3161.0550130415427,1575.4589750665398,1123.6643041985576,1054.2844883572793,1233.1767115404177,721.3983671399002,0.0,834.7408827808025,721.4449869796955,1803.258942907214,1403.6462741892651,1546.2531470353872,1087.4292824874858,1803.308061518736,1942.8754649416328,1403.8987324806124,1346.663627048261,2647.826853945835,2425.6917332408134,1747.328507397578,3125.594990163632,1682.418509721291,2766.839754432611,1299.594205890038,2688.888063716612,1827.5533638194643,2795.6432908523184
32,1411.7558586540142,720.3651272632579,767.2968473164341,1112.5987257244824,129.00439757173788,1480.8409796042222,583.8723364313088,1364.0389535260908,1292.4413729578062,1181.5369138975586,1239.7958604887122,926.5303972299191,1097.404396981484,1211.5611164906147,1183.0332791591568,1583.0269922212008,1268.5968316825542,1869.152360486631,2773.7256802810866,946.4714570587605,3699.0809931213007,3677.5723219648225,1029.1332594738537,1351.505289056272,3419.2283308702326,3171.0929395866488,1583.3899431643981,1130.299070125306,1060.9574384854347,1240.4374317265983,838.6019442506822,834.7408827808025,0.0,838.625484349613,1811.8156005549743,1411.339310519515,1554.2881049623375,1094.3365051531962,1811.8947863172284,1951.6228646424975,1411.5829186481376,1353.634538322967,2657.6672538415132,2434.822390703696,1755.582527922051,3136.341001354541,1690.5105936015484,2776.978776529275,1306.8754043951956,2698.8286278475534,1835.9019382151903,2805.8003484811384
33,1408.9114537045432,718.2713874750392,765.2944849933675,1110.3714273014332,128.78857208236488,1477.9221827746026,582.6296497728442,1361.201720748942,1289.786637470319,1179.309120850989,1237.467607254849,924.0397448194196,1094.7580833723796,1208.7872980530826,1180.3064741642006,1580.0285174774403,1265.8102119291088,1865.922901013439,2769.9506603780806,943.9499925807212,3694.821862291668,3673.3262466789574,1026.6526505448285,1348.8369172522268,3415.155255035256,3167.2494083355546,1580.3823304437462,1127.6910068381724,1058.4442320796259,1237.7130558854483,725.0687126670715,721.4449869796955,838.625484349613,0.0,1808.625792078713,1408.4420682901996,1551.2736928580373,1091.7010222771275,1808.688435716031,1948.3643913291887,1408.7013353479365,1350.9662767624468,2654.0390502553614,2431.3612747112074,1752.4632659220358,3132.368458926661,1687.5077049142778,2773.2476981036916,1304.1104162801003,2695.111949491223,1832.7315623221343,2802.0430733746066
34,1822.1955369367536,1498.3911090607162,1499.4456531218423,1482.5842502483936,130.93344330862655,1795.5754284809407,589.0011169666883,1746.1362080838474,1711.0930083629225,1428.6651618851176,1509.16241126245,1813.5675749926752,1817.070359296938,1819.2902990086873,1818.9813446267897,1824.7142055254203,1820.2597770100035,1884.6180096555786,2791.906155444818,1775.119285707671,3719.91392007789,3698.6393047328556,1623.7682864719068,1565.6812516156574,3439.440948144573,3188.913515292922,1824.455537207845,1695.2366281374268,1730.401817890295,1818.891988378512,1808.609429852917,1803.258942907214,1811.8156005549743,1808.625792078713,0.0,1822.7061750131093,1824.4785654918153,1815.4320342041774,1827.1037171038174,1969.1554044637467,1822.3360801063027,1556.79869950409,2675.239336869672,2450.8089531853366,1826.8080962285349,3155.5254988764773,1825.731033835201,2795.0804522245257,1818.8177916100383,2716.783537555322,1872.0758600658014,2823.9948124524813
35,1421.3594662375729,1167.6920633187353,1168.709336006605,1164.9479229373444,129.69750421334948,1490.6344009323261,587.7109717239183,1373.277362398944,1351.9787597212767,1189.017231915774,1247.75275678611,1413.1080649151875,1416.3158610548915,1418.287938372322,1417.9615026325623,1593.1856703233311,1419.131404127587,1880.1865021129133,2786.7374747361946,1388.7923031779633,3714.0057178046695,3692.6861674745983,1279.3064130396165,1360.0185277117416,3433.720765754153,3183.944775548644,1593.4959421642134,1322.3688068936037,1357.6021909981923,1418.6247810310745,1408.4452546536784,1403.6462741892651,1411.339310519515,1408.4420682901996,1822.7061750131093,0.0,1564.4324734200468,1415.7913384766082,1822.7439198761297,1962.7219645457826,1421.2545768824107,1362.2741823113568,2670.2742142000516,2446.195523566011,1766.0215415067769,3150.116978737413,1712.354232082266,2789.9338506265976,1419.6847226341672,2711.6393075893498,1853.1733462797858,2818.7628153646187
36,1564.3893923853395,1285.6971331650852,1286.806559635092,1278.369814343522,129.8051425199436,1546.856757450742,588.1444940504344,1506.303156104854,1480.1474094582345,1233.1658937065104,1295.93499011648,1556.0702961490772,1559.3721210685358,1561.4153423161736,1561.1031635524826,1594.8391453923525,1562.3353798388368,1881.980178621224,2788.9767735193095,1526.6384786736728,3716.6001526523105,3695.284818018259,1402.1687246018741,1361.3396766184994,3436.219311075568,3185.967645190692,1595.158287609854,1455.4719443347803,1490.611657954949,1561.460999075298,1551.269380926683,1546.2531470353872,1554.2881049623375,1551.2736928580373,1824.4785654918153,1564.4324734200468,0.0,1558.4020510751056,1824.4967680361503,1964.5539500482316,1564.375621498841,1364.6709102627951,2672.367872306602,2448.1749265059902,1767.725557557229,3152.4637002690743,1718.893090144038,2792.175536406669,1562.0671272048633,2713.764324368697,1859.8324077085476,2820.985709230512
37,1416.1157856608265,905.5828974711515,906.5359588153323,1116.0244050402225,129.24979508056856,1484.8213541233386,585.5262544111984,1368.1081639038562,1296.2671435655332,1184.6230686994554,1243.1368208546082,1095.9609112611865,1102.7568818304203,1216.50377075776,1187.995361402742,1587.032682182867,1273.396442832475,1872.6690915005308,2775.9562093097916,1084.6059592272206,3700.494308264895,3679.1970889134623,1033.6131196915208,1354.534820646485,3421.043831536638,3171.9898101876647,1587.1321192455353,1134.7561783371038,1065.950813548252,1245.204971628097,1091.7019515085422,1087.4292824874858,1094.3365051531962,1091.7010222771275,1815.4320342041774,1415.7913384766082,1558.4020510751056,0.0,1733.5475330926338,1861.317073880276,1360.957793937474,1292.7885830234234,2516.250515133992,2285.9230170124047,1686.4043245709317,2966.1652636645877,1619.7069241430859,2628.8895956205465,1264.8834962038798,2562.4753047936288,1755.1864684843101,2655.8086353606705
38,1822.2340873618348,1498.587262867698,1499.7207393275733,1482.8017233042976,130.9275448284783,1795.7286029434267,589.0514917184145,1746.2340227135794,1711.168406887932,1428.9334930673922,1509.369107507378,1813.688614531555,1817.1268644217807,1819.3175215091567,1819.04899769352,1824.7348033860535,1820.3346315681233,1884.6251613802785,2791.7613227684897,1775.144372242874,3719.6023849668277,3698.33699819098,1623.7451560076356,1565.7409758137271,3439.1840502428713,3188.5676534196814,1824.579863336314,1695.308907845614,1730.350251535142,1818.9026099158089,1808.6945273210335,1803.308061518736,1811.8947863172284,1808.688435716031,1827.1037171038174,1822.7439198761297,1824.4967680361503,1733.5475330926338,0.0,1969.0576467465125,1822.3326185295673,1556.8365482284712,2675.091653766694,2450.6264477367695,1826.8249497614074,3155.298197912218,1825.7750505268727,2794.911882440016,1818.8512951019586,2716.4857791176664,1872.1146653848077,2823.729934754107
39,1962.0196470823055,1631.880120475814,1632.88021247505,1610.5248280154658,135.92946616808297,1931.318830281179,589.5455837932523,1883.706701252982,1838.9106626315795,1550.9366453982052,1643.0735420594428,1953.4332695262392,1956.8806120613108,1959.0264387518755,1958.9438540815763,1964.752587229559,1960.2050265539376,1973.528846137983,2791.823771200467,1908.7385863376503,3718.5151805129103,3696.925561464456,1739.2497102169914,1679.4846045667703,3438.113380777251,3187.5310576249694,1964.162892639752,1822.9202489255586,1858.2381589024353,1958.4581422875517,1948.365188069653,1942.8754649416328,1951.6228646424975,1948.3643913291887,1969.1554044637467,1962.7219645457826,1964.5539500482316,1861.317073880276,1969.0576467465125,0.0,1571.2078126330898,1494.9407638260725,2029.0655454079035,2038.2238135854936,1573.653218306404,2265.664745102189,1572.9195639586792,2065.841077058519,1567.0787647809345,2001.3043380897427,1574.5043211613809,2082.6756303965303
40,1421.4574821096016,1167.6437336448773,1168.962935977748,1165.0583430284873,129.658814796735,1490.7140384467368,587.564667945963,1373.3324664477636,1352.0702632156078,1188.884155937285,1247.7955403554347,1413.3790925492876,1416.5779183866107,1418.5306149250437,1418.1408576850683,1593.1235135223185,1419.3725725116892,1879.7147038934886,2785.556862184207,1388.7709025003728,3712.1062560398136,3690.6105578814986,1279.3264882892022,1360.0367073973734,3432.116124655636,3182.3760468832807,1593.3972061048344,1322.5849106125463,1357.4693389262836,1418.7335595216528,1408.7161359838115,1403.8987324806124,1411.5829186481376,1408.7013353479365,1822.3360801063027,1421.2545768824107,1564.375621498841,1360.957793937474,1822.3326185295673,1571.2078126330898,0.0,1362.4598677857398,2669.204910776502,2445.460204054127,1765.7906993657627,3148.6364506851114,1712.2049180923684,2788.832236522057,1420.00448157782,2710.4201067056533,1853.0040351490638,2817.5676759815115
