,0,1,2,3,4,5,6,7,8,9,10,11,12,13,14,15,16,17,18,19,20,21,22,23,24,25,26,27,28,29,30,31,32,33,34,35,36,37,38,39,40,41,42,43,44,45,46,47,48,49,50,51
0,0.0,8.114079003165088,8.75008295849091,8.760269679419302,8.737527791558977,5.488511799587245,8.748005155701325,5.786223610482226,5.883102479885888,8.794688095012505,9.404493414885582,5.606407620491439,5.193030742643466,5.972362993077535,5.5577082370716155,6.251652698502012,5.241896733878368,6.428493760187163,3.789535480761795,2.923661020420111,3.712089003032154,2.937689632466188,4.563251958977649,5.313742281820482,2.2661911839485227,4.0293629707703165,5.248362917255105,5.929665463476733,5.547134789820986,5.663175448490335,5.767916504058978,5.48860435667059,5.584544971388418,5.7771026165627015,5.681263392142123,5.68399378253076,6.033948575441016,7.372922738856855,6.2694884591462,6.407628417751235,2.6017791772374905,9.026004561119938,6.91994529205783,8.261797532743543,6.6920084969393585,6.211807059530143,6.531686030324275,6.086492226074018,6.509582537267979,6.137149911921829,6.631026539798633,6.000780228732871
1,8.114079003165088,0.0,6.282733599422927,4.978833595357846,4.951340142361558,7.438301081168291,10.960617394856817,8.46427929710875,7.9590001124139045,4.090126435717458,5.33069829879628,8.589279397869031,7.940801488914133,7.664886439128046,7.696732097827477,7.650972004929405,7.61602571337796,7.576734468943153,6.775083244053259,7.703548643886157,6.314243005909768,6.514324794519519,8.159675238415801,8.228489523771916,7.175799942993734,7.671631238808025,7.465885438888523,7.92183066498932,9.012201868976259,7.682113773363781,8.625419133395068,8.54345228192064,9.011518779326746,8.640526530540285,7.264855810418797,7.658750115173729,7.8123670918736,10.532238030789259,7.067373208922622,8.278260958609005,7.255795243885682,7.931742210123196,9.532081234603718,7.280224638903533,8.63992044597171,7.89380252187774,8.843661802792859,8.023232953173153,8.958892093090547,8.724138392976203,8.399639184798255,9.001481023871278
2,8.75008295849091,6.282733599422927,0.0,4.788920246094334,4.031331920429097,6.850955582570039,10.130414974884353,8.193287298420133,7.847063804103246,5.359521072108478,4.066269603627767,8.475938766620313,7.3492644716196285,7.2607375539474655,7.772203065643877,7.005927480885781,7.181108155728393,6.577146678079554,7.059679586693639,8.193885385665125,6.845795359475784,7.042861560516278,8.022812085404366,7.464817900704657,7.547087688283871,7.81044870825924,7.046975099898363,7.409365677037854,8.412246732328462,7.4292652622585456,8.080181993406875,7.902864757389878,8.19631905875714,8.25219308587506,6.678102221533308,6.90808089741379,7.114336074140684,10.568981120953405,6.643489009202573,7.796689291632499,8.0527656444358,7.0833484699917735,9.1129035095797,6.522663648108454,8.051192060704372,7.523581419230855,8.151169208437377,7.701918710215191,8.154175249905398,8.086346993576324,8.10229432225222,8.626651871449548
3,8.760269679419302,4.978833595357846,4.788920246094334,0.0,4.711817688391859,7.36022174761734,11.674513142399732,8.88418428779553,8.107505966536829,4.767813356339602,3.7086459905361973,7.946123496016582,7.4161604884496946,8.111737016091142,7.935627138833968,8.054118180226277,7.7538225815654584,7.9728837753955615,7.396848867202286,7.560631403603913,7.112129631045651,7.279821776532884,7.731728629462914,8.25472632604258,7.6236355702552485,8.169773819545119,7.78836604369309,8.086503830039746,8.882555560574612,8.006447674078176,8.313304314152596,8.028304061693499,8.467241006972406,8.46889554104823,8.024637180649878,8.214690770127582,8.696759136761575,10.499517959515535,7.582381442645308,8.495598831257599,8.072796906692442,8.514250328087844,9.614103778596878,7.860138682312855,8.983364224659447,8.193555423574733,9.251971125125948,8.195575686198385,9.086470975481895,9.095873610002352,8.62407854159877,9.271150613052024
4,8.737527791558977,4.951340142361558,4.031331920429097,4.711817688391859,0.0,7.486860299165548,9.961927054382114,8.623600900192848,8.007771729182597,5.235580836201966,3.9807444876750466,8.101702256379758,7.63769598089296,7.8975505349641,8.182928641308262,8.161730087293563,7.938433376826874,8.671843586036688,7.641658123694186,6.906542836695205,7.154629032576788,7.342401507135118,7.1730711614722855,8.07582446316249,7.817645010997731,8.209154998922532,7.90488175076182,7.371011552371428,8.524310089302203,7.593233404955735,8.4375062326803,7.908892814273439,8.409868911939142,8.559323368479687,8.770047953211336,8.37996482112809,8.93088857981789,10.130455739041725,7.968554518558472,9.374681372815402,7.774868704765939,7.507133424692933,9.17681619860687,7.061022203316971,8.801526861483671,7.981729054645901,8.910896386142035,8.02141167515059,8.367064187837899,8.80705726187175,8.735987575691274,9.091424162504868
5,5.488511799587245,7.438301081168291,6.850955582570039,7.36022174761734,7.486860299165548,0.0,6.484847076373672,5.374181321781099,5.599405117105088,8.045205558693365,7.596156034833103,4.313203747788955,3.6502521620897017,4.127919520027696,4.274649170632179,4.418668467355599,3.8095536287851357,4.306932032229559,3.370334663397933,4.214339381572654,3.5607669586880855,3.7388731081405484,4.519692063337481,4.532358945524577,4.3022678814540445,4.542885138373792,2.3556812176528306,4.209554017906277,5.078923743842619,4.788863027809112,4.384072453202869,4.253673118194003,4.489151792903102,4.497573359535952,4.429271377551718,4.552595822156463,5.027922688890804,7.224814643008473,4.157115133842292,5.152785526199344,4.88601474450943,7.477567451182824,5.337109150250063,7.084105667548993,5.039719740660122,4.823041253005022,5.33580276943773,4.751918346491409,5.190956812388539,5.343768457646387,5.71938175656458,5.0038258345271895
6,8.748005155701325,10.960617394856817,10.130414974884353,11.674513142399732,9.961927054382114,6.484847076373672,0.0,6.689877822182555,7.504458444166928,11.682525486582398,10.633482771012895,6.986246928769516,6.773034877405378,6.615122345432469,7.1584295652513195,6.107821287625563,6.927417029050796,5.833361368879703,5.802059489350163,7.450643630650233,5.538556228044035,5.597828685623296,7.4348594034526,6.965197103049965,6.083028340407011,6.228808374290709,6.391322793050375,4.6620982265866315,5.322443786242914,7.868110654369609,6.9932721779462295,6.614772231697499,7.052963637432485,6.959918501846111,6.406345322065301,7.237217683971876,7.047484368214098,9.151924184162409,5.437702926534894,6.641882248090753,8.037851459964111,8.4823974671714,6.679553361450983,6.977328162585131,6.5210369941858985,5.651865826865862,7.292581874085974,6.284779030566357,7.047515128678791,6.0024192149531075,7.309821540279566,5.456485236555513
7,5.786223610482226,8.46427929710875,8.193287298420133,8.88418428779553,8.623600900192848,5.374181321781099,6.689877822182555,0.0,5.962210227038272,9.033167526113486,8.687238406973897,5.561324636855262,5.33637739517654,5.430109932509171,5.592148279441126,5.463723528795522,5.443455600675115,5.250249233748075,4.663284276769827,5.537652512957624,4.340056255245628,4.677490614241775,5.637706668378097,5.445630302580057,5.101607187151546,5.167281104199956,5.322950860658025,4.44469187178513,2.7667076673992836,5.491048645165491,5.555838493101055,5.488427119912643,5.549956083543275,5.670596843310204,5.255833692653962,5.73487513419337,5.73986838657728,7.434505848593525,4.936730469925553,5.274695087520032,5.722273110077251,8.13269500858256,6.754236473597412,7.569757837308727,6.123293942065429,5.534879189412271,6.257116920090308,5.977792737869476,6.444975282599893,6.073433070072844,6.541937322694361,5.998987059847948
8,5.883102479885888,7.9590001124139045,7.847063804103246,8.107505966536829,8.007771729182597,5.599405117105088,7.504458444166928,5.962210227038272,0.0,8.250168768459696,8.11177795767521,5.632059280727927,5.518953018518918,5.535973711747634,5.644529334872097,5.71208986864804,5.544761329259544,5.493591258866229,4.860670237785208,5.705030040673562,4.381002164495895,4.7554447885310935,5.997993595279851,6.131736404891947,5.435297673904419,5.302884903794678,5.700138231975028,5.804371915728137,5.822428320834759,3.3850540917264493,5.6997923446940755,5.636497836262386,5.748910397888977,5.843114910841142,5.402338582705793,5.771569677698568,5.820928239175125,7.748720268184173,5.351407773813632,5.883401529811801,5.796080918903999,8.012162244654139,6.7875270090555375,7.615440358320674,6.369486864503024,5.732811843476086,6.794897905008231,6.182167841086523,6.551791792009445,5.88357708566016,6.386829680227033,5.8586312778523935
9,8.794688095012505,4.090126435717458,5.359521072108478,4.767813356339602,5.235580836201966,8.045205558693365,11.682525486582398,9.033167526113486,8.250168768459696,0.0,5.007475312073677,8.37781179580533,8.058452388801546,8.195092681021174,8.226001081059824,8.503483224891843,8.238485536668957,8.674402020434679,7.3186523715074,7.118167477438313,6.779399953208167,6.986473900219437,7.6546400172985996,8.4767514364456,7.716017180068562,7.953045143246453,8.084586884907392,8.31980421737758,9.101772888515981,7.886737165389981,8.654655910902258,8.378912977556942,8.783499106462225,8.67347393988987,8.604756950502534,8.769141676898856,9.298357340142587,10.585363875932588,7.9786578351433945,9.090864515977323,7.692318106590025,8.53318060087034,9.673914999094526,7.7690192729103185,9.204206700285441,8.43357716989199,9.373019888865693,8.48317889641011,9.132071603633307,9.164706919424964,8.967183487108208,9.439870864756784
10,9.404493414885582,5.33069829879628,4.066269603627767,3.7086459905361973,3.9807444876750466,7.596156034833103,10.633482771012895,8.687238406973897,8.11177795767521,5.007475312073677,0.0,7.992460300702708,7.516790869411896,7.673393421690332,8.00429705503817,7.7266712652138185,7.72893455022708,7.84412765066595,7.822746569740741,7.915732250056663,7.458162382544267,7.7877656909973885,7.7502661368422485,8.29530263696149,8.272468138809213,8.51250930061966,7.920330085222509,7.541179016619412,8.282944774915759,7.983907919912573,8.084855680412733,7.6932777832851285,8.09310055063916,8.267422714311751,8.162963942867181,8.213844760141244,8.75693569919013,10.49143313516294,7.340249367113753,8.691241746492262,8.560955324994042,8.042725013832046,9.384167956268733,7.530631220002208,8.843509414489608,8.097465109016087,9.006610592808872,8.05680836596823,8.808336503640612,8.83957685444088,8.627473577926237,9.11015679347044
11,5.606407620491439,8.589279397869031,8.475938766620313,7.946123496016582,8.101702256379758,4.313203747788955,6.986246928769516,5.561324636855262,5.632059280727927,8.37781179580533,7.992460300702708,0.0,2.874012462829197,2.7780572977743123,1.7391982641776116,2.352172718137695,2.4208937400707042,2.7303175805720605,4.5786537946471615,5.86523646974495,4.2289047217419755,4.811807516995048,6.02492633307168,5.391206076069647,5.33031434008303,5.208269020824438,4.374365194201561,4.945012119201393,5.471927578861286,4.987236423487537,2.2429099004652855,2.0770167663646286,2.438202017200008,2.468284200164868,1.9105402997323024,2.0636967383305502,2.310244064541947,7.065090635356582,3.105987380192682,3.5564156713316923,5.1079734906326,8.556554945989292,6.843654160346397,8.031459712028127,6.138729349508968,5.441033274049137,6.495756961068904,5.973433694797986,6.086500140852222,5.8277162961682585,6.616818344686575,5.7607977656743135
12,5.193030742643466,7.940801488914133,7.3492644716196285,7.4161604884496946,7.63769598089296,3.6502521620897017,6.773034877405378,5.33637739517654,5.518953018518918,8.058452388801546,7.516790869411896,2.874012462829197,0.0,2.659243691561871,2.755639049313879,3.049412236802039,1.5661833494745556,2.866056268503597,3.9310669228370556,5.109560023297009,3.7896219786803833,4.1782429579368525,5.586796825715231,4.89236484351691,4.61234776571006,4.701377312934892,3.8348770056307804,4.4929188326302265,5.023985327032874,5.082689444816013,2.501261092263408,2.3928176571176287,2.3019200327457376,2.474129724069297,1.9348712938401476,2.036530362005212,2.290686042003943,7.242797846045005,3.3004329066747036,3.969793631332257,4.7739547075729645,8.11848512628109,6.41634971929149,7.751141772414362,5.745745359687194,5.20823360909943,6.027754856781604,5.466720698918968,5.695167379011295,5.387114096369888,6.229243960026481,5.380909744160805
13,5.972362993077535,7.664886439128046,7.2607375539474655,8.111737016091142,7.8975505349641,4.127919520027696,6.615122345432469,5.430109932509171,5.535973711747634,8.195092681021174,7.673393421690332,2.7780572977743123,2.659243691561871,0.0,2.7654474714155675,2.585504765344649,2.52095979744384,1.9512359002949209,4.319832509032729,5.472914889890702,3.9973595027151996,4.8622560184626265,5.766053391715702,5.309514270238785,5.353885854211494,5.202102890522804,4.136241238857003,4.729914237276888,4.765767938715464,4.875758635912022,2.1907754373332327,2.04378542145749,2.40626418323361,2.110848291967507,2.2533269180878825,2.3919887819114254,2.381475983595051,7.007524143748597,2.3271203441641664,3.360251984890979,5.392543092328213,8.196271423110185,6.60828976116419,7.740934238606276,5.845827092065602,5.286054481146704,6.178210074609583,5.626142834267791,6.014692037998162,5.666078290303255,6.431237649354559,5.722704169540985
14,5.5577082370716155,7.696732097827477,7.772203065643877,7.935627138833968,8.182928641308262,4.274649170632179,7.1584295652513195,5.592148279441126,5.644529334872097,8.226001081059824,8.00429705503817,1.7391982641776116,2.755639049313879,2.7654474714155675,0.0,2.263916009537938,2.3912800221243296,2.819968788884459,4.542340627871459,5.298216327292015,4.018260813062058,4.780925865248102,5.960655517089975,5.4531147971767995,5.316357570168203,5.104893350838425,4.325882261129925,5.124852185509833,5.367215560491708,5.032990161929953,1.9261020982625847,1.9895076590218304,2.203511581285249,2.3320352535390145,1.6262264826803055,2.0221834144311592,2.2773691274952474,6.94368630137407,3.2665133739119034,3.7912612389746916,4.877664332866002,8.779848932722034,6.841823772654817,8.43093549178606,6.137497687805828,5.348817386465669,6.519724498364925,5.970013198080407,6.413529316358269,6.055037875816201,6.81456348982639,6.027947910683085
15,6.251652698502012,7.650972004929405,7.005927480885781,8.054118180226277,8.161730087293563,4.418668467355599,6.107821287625563,5.463723528795522,5.71208986864804,8.503483224891843,7.7266712652138185,2.352172718137695,3.049412236802039,2.585504765344649,2.263916009537938,0.0,2.8657551760293507,2.3311548939595395,5.1091831015521,5.823048707704501,4.605323353813639,5.544329770349309,5.7945790498936045,5.768449039521913,6.012586986119474,5.628741923937943,4.873062452264902,4.415692130742019,4.538976717163146,4.968704137243327,2.0674869963572866,1.5261683674366162,2.1017111658632377,2.269780620054718,2.460370342373731,2.799815539288718,2.8070412667791933,6.965144919110849,2.675438745926287,3.8550062165209122,5.528140476439872,8.630029792821606,6.837934084999335,8.295296487500371,6.1749241464111,5.482128393239393,6.609059987656942,6.025492969941637,6.249102178178326,6.053191263638521,6.892374641294872,6.043641503804016
16,5.241896733878368,7.61602571337796,7.181108155728393,7.7538225815654584,7.938433376826874,3.8095536287851357,6.927417029050796,5.443455600675115,5.544761329259544,8.238485536668957,7.72893455022708,2.4208937400707042,1.5661833494745556,2.52095979744384,2.3912800221243296,2.8657551760293507,0.0,2.7620182731025116,3.9938625456619614,4.998300400211418,3.6838546473970064,4.255159168795652,5.575541893122526,5.04015260968172,4.678903223994543,4.710424025983566,3.8745240688720473,4.729948993051886,4.809314400543757,4.986965119500966,2.029674057026019,2.067135926498308,2.030956108663356,2.1194835852695046,2.0576572905726773,1.757163746937509,2.27352378007817,6.872434294031068,3.373971333897773,3.6764779895928754,4.955413182790384,8.452239788708033,6.5641422406546095,7.929783215995551,5.884444604182469,5.218651017746901,6.093168830775594,5.425046947368172,6.029286780188851,5.638464803781791,6.301267096439695,5.548256212125268
17,6.428493760187163,7.576734468943153,6.577146678079554,7.9728837753955615,8.671843586036688,4.306932032229559,5.833361368879703,5.250249233748075,5.493591258866229,8.674402020434679,7.84412765066595,2.7303175805720605,2.866056268503597,1.9512359002949209,2.819968788884459,2.3311548939595395,2.7620182731025116,0.0,5.083507248680057,5.750752047634646,4.727613140571469,5.644632136497424,5.824823071327381,5.6330541108766266,5.978050571249751,5.828338879001736,4.667390434349439,4.079778578398174,4.182337148376853,4.592577703739538,2.2093445072305657,2.052904064405091,2.2188752501667546,1.8131814741482135,2.8012301322003252,2.8822348879142154,2.5721028616805226,6.705571583976455,2.174668108785485,3.526165059997771,5.9429922698368545,8.23851923992883,6.985205123069403,8.079230610964947,6.373235789149075,5.677279144052691,6.47942875784251,6.039141270152567,5.850597098321745,5.887393206542117,6.932571151407255,6.056238795839929
18,3.789535480761795,6.775083244053259,7.059679586693639,7.396848867202286,7.641658123694186,3.370334663397933,5.802059489350163,4.663284276769827,4.860670237785208,7.3186523715074,7.822746569740741,4.5786537946471615,3.9310669228370556,4.319832509032729,4.542340627871459,5.1091831015521,3.9938625456619614,5.083507248680057,0.0,2.9912887254187126,2.21053494227072,2.9815577594671474,3.2757386113522697,3.144808393897759,3.604196832426306,3.6303996922393726,3.1951364692899773,4.235088304001975,4.364899515443991,4.572922281367728,4.860622485791804,4.435662167728659,4.73024761191668,4.695850417466541,4.971459978348204,4.628968336355073,5.166645772412313,6.6275697388476615,4.969705642494777,5.084552910832133,3.5515301598138,6.652153191948535,6.279396971373633,8.034450724581001,4.811945334072739,5.66986051044717,4.313080742959743,5.120532843953491,4.009390334159874,5.730759611349401,5.140668395701038,6.011978509090793
19,2.923661020420111,7.703548643886157,8.193885385665125,7.560631403603913,6.906542836695205,4.214339381572654,7.450643630650233,5.537652512957624,5.705030040673562,7.118167477438313,7.915732250056663,5.86523646974495,5.109560023297009,5.472914889890702,5.298216327292015,5.823048707704501,4.998300400211418,5.750752047634646,2.9912887254187126,0.0,3.1993349231842543,2.0400728223371725,3.22445963074084,4.6604338046482665,2.332859804314658,4.0100307432320665,3.783969506850626,5.21675272861552,5.893600671838679,5.469957567914707,5.902946860085624,5.6282697950275615,5.875626799148813,5.871096385170462,5.214994406797242,5.3281504483040365,5.632628208539827,7.930559366750254,5.497859977732494,5.999364577033471,2.672490638347536,7.397210375537358,6.297991062226113,7.01396227831741,5.77065126757246,5.707609325361416,5.820956959979443,5.5020825640588615,5.5062480002371075,5.776989050730269,5.827319448089649,5.294352482238499
20,3.712089003032154,6.314243005909768,6.845795359475784,7.112129631045651,7.154629032576788,3.5607669586880855,5.538556228044035,4.340056255245628,4.381002164495895,6.779399953208167,7.458162382544267,4.2289047217419755,3.7896219786803833,3.9973595027151996,4.018260813062058,4.605323353813639,3.6838546473970064,4.727613140571469,2.21053494227072,3.1993349231842543,0.0,3.0453423234755417,3.177810850823679,2.9870964714717507,3.8667518189791625,3.6880530434162666,3.3310275338889297,4.206846349626735,4.185704194224237,4.070420422083359,4.4661086754096,4.086938499458965,4.304620890358167,4.305448208655035,4.418929637784801,4.291367504908073,4.639863184165723,6.261987232860247,4.539926509147314,4.552496919431365,3.309244497735559,6.446403732115657,5.924037637640852,7.202590737664162,4.669694809234834,5.377369092228069,4.446913763669443,4.777888971860239,4.284074935411666,5.370735385234948,4.819323691147971,5.626600385778332
21,2.937689632466188,6.514324794519519,7.042861560516278,7.279821776532884,7.342401507135118,3.7388731081405484,5.597828685623296,4.677490614241775,4.7554447885310935,6.986473900219437,7.7877656909973885,4.811807516995048,4.1782429579368525,4.8622560184626265,4.780925865248102,5.544329770349309,4.255159168795652,5.644632136497424,2.9815577594671474,2.0400728223371725,3.0453423234755417,0.0,2.4019235238861736,3.438055222472769,2.3667426682201627,4.571552050980809,3.426533563802056,4.348326833843304,4.713725732835506,4.449134670237897,5.347623056493258,4.876225535190354,5.1756442104602325,5.2254278495320365,5.373719889571397,5.0527972831184655,5.620695079857246,6.964019203098635,5.099401053688544,5.338009977331651,1.9317066742651814,6.344535341975008,5.880233131441311,7.23242316359807,4.601299220743264,6.093967391333715,4.667165366998434,4.916239830958567,4.130756936640343,5.1443089541502145,5.046013448265505,5.149310670055295
22,4.563251958977649,8.159675238415801,8.022812085404366,7.731728629462914,7.1730711614722855,4.519692063337481,7.4348594034526,5.637706668378097,5.997993595279851,7.6546400172985996,7.7502661368422485,6.02492633307168,5.586796825715231,5.766053391715702,5.960655517089975,5.7945790498936045,5.575541893122526,5.824823071327381,3.2757386113522697,3.22445963074084,3.177810850823679,2.4019235238861736,0.0,4.152649076106544,2.7755362090729863,3.7379771728866826,4.304002369247056,5.428969942893468,5.955832993286478,5.954860321415098,6.2431060554323015,5.999023980817085,6.23560655869767,6.373526996934026,5.710477812259484,5.889929221980846,6.177557825919884,8.097532676141487,5.341160748128879,6.268733318160604,4.069792787003307,7.443647825828501,6.267229373220011,6.9269195649899356,5.767371434591607,5.734161381377236,5.8978188157663745,5.325186026866971,5.935210339693579,5.8553450786619665,5.810036800201193,5.242903342155702
23,5.313742281820482,8.228489523771916,7.464817900704657,8.25472632604258,8.07582446316249,4.532358945524577,6.965197103049965,5.445630302580057,6.131736404891947,8.4767514364456,8.29530263696149,5.391206076069647,4.89236484351691,5.309514270238785,5.4531147971767995,5.768449039521913,5.04015260968172,5.6330541108766266,3.144808393897759,4.6604338046482665,2.9870964714717507,3.438055222472769,4.152649076106544,0.0,3.6853979169168127,3.1109722791669117,4.47959547982381,4.808193529320174,5.286600765501604,5.812032219621302,5.689170856644814,5.361386570884102,5.710986405432472,5.798590433048314,5.649002075320311,5.556933901429977,6.2723506028258456,7.677718617273701,5.388141173674006,5.854716680991923,5.006164214114695,8.211428160497265,6.21927170189242,7.471349802801046,6.01759391178331,5.620011979625821,5.889504665231598,5.119609085690784,5.555756251206204,5.663818411959575,6.197661423685136,5.57353651949243
24,2.2661911839485227,7.175799942993734,7.547087688283871,7.6236355702552485,7.817645010997731,4.3022678814540445,6.083028340407011,5.101607187151546,5.435297673904419,7.716017180068562,8.272468138809213,5.33031434008303,4.61234776571006,5.353885854211494,5.316357570168203,6.012586986119474,4.678903223994543,5.978050571249751,3.604196832426306,2.332859804314658,3.8667518189791625,2.3667426682201627,2.7755362090729863,3.6853979169168127,0.0,3.4428661579446067,4.120407429114918,4.79826859498849,4.996532285863063,5.101591383729857,5.726326827025934,5.297995739744176,5.5432712963333115,5.618515036153107,5.76442117375623,5.391914026335088,5.942891069627049,7.187297706232798,5.747181924828884,5.875053882933165,3.17196682908471,7.1186629437640185,6.432908527113566,7.999253510368527,5.014536605789983,6.569807647684855,5.020720874406188,5.455650456094835,4.475921111812165,5.719974864910497,5.096781298820217,5.416823050434284
25,4.0293629707703165,7.671631238808025,7.81044870825924,8.169773819545119,8.209154998922532,4.542885138373792,6.228808374290709,5.167281104199956,5.302884903794678,7.953045143246453,8.51250930061966,5.208269020824438,4.701377312934892,5.202102890522804,5.104893350838425,5.628741923937943,4.710424025983566,5.828338879001736,3.6303996922393726,4.0100307432320665,3.6880530434162666,4.571552050980809,3.7379771728866826,3.1109722791669117,3.4428661579446067,0.0,4.284431372034302,5.0348464186452455,4.974192366767539,5.134520718877195,5.515495891865793,5.2386901312495855,5.312797599902461,5.4000463945037165,5.476321632791134,5.206817700913052,5.68725627869381,6.845739039466802,5.679919398827343,5.689799270807978,3.9945700125036847,7.11550054467941,6.742960895037688,8.237590525997987,5.201860537097125,6.412115978781363,4.944510710268127,5.697859628277583,4.970102534449096,6.050461664609969,5.688351716291101,6.193195399485612
26,5.248362917255105,7.465885438888523,7.046975099898363,7.78836604369309,7.90488175076182,2.3556812176528306,6.391322793050375,5.322950860658025,5.700138231975028,8.084586884907392,7.920330085222509,4.374365194201561,3.8348770056307804,4.136241238857003,4.325882261129925,4.873062452264902,3.8745240688720473,4.667390434349439,3.1951364692899773,3.783969506850626,3.3310275338889297,3.426533563802056,4.304002369247056,4.47959547982381,4.120407429114918,4.284431372034302,0.0,4.0236288830481195,4.934192491692062,4.8131778063791515,4.466127659363429,4.244443464289735,4.565333339559932,4.446597770197203,4.399557422587639,4.428205436284212,5.03654431338711,7.116668684279254,4.513754873989931,5.118570407411445,4.62912056982995,7.732048166471054,5.2255974100737514,6.995792083534257,5.450503486977906,4.898024880753806,5.466620178802909,4.941793255273627,4.967243836661203,5.347405706277989,5.621883761105095,5.064727562562764
27,5.929665463476733,7.92183066498932,7.409365677037854,8.086503830039746,7.371011552371428,4.209554017906277,4.6620982265866315,4.44469187178513,5.804371915728137,8.31980421737758,7.541179016619412,4.945012119201393,4.4929188326302265,4.729914237276888,5.124852185509833,4.415692130742019,4.729948993051886,4.079778578398174,4.235088304001975,5.21675272861552,4.206846349626735,4.348326833843304,5.428969942893468,4.808193529320174,4.79826859498849,5.0348464186452455,4.0236288830481195,0.0,3.883127984774816,5.783589545318669,4.882767804152949,4.603637822696875,4.960882415103641,4.9489325638021455,4.202962779948266,4.630764127248899,4.682488393867722,7.555853126884612,3.743596748277235,5.048712893096834,5.348570873204892,7.072874579884028,6.342350501610659,6.670749618278384,5.081777340298555,5.457763679003108,5.628890054946186,5.230158558025492,5.269691352838156,5.104101749209161,5.720859988074053,4.919388248226553
28,5.547134789820986,9.012201868976259,8.412246732328462,8.882555560574612,8.524310089302203,5.078923743842619,5.322443786242914,2.7667076673992836,5.822428320834759,9.101772888515981,8.282944774915759,5.471927578861286,5.023985327032874,4.765767938715464,5.367215560491708,4.538976717163146,4.809314400543757,4.182337148376853,4.364899515443991,5.893600671838679,4.185704194224237,4.713725732835506,5.955832993286478,5.286600765501604,4.996532285863063,4.974192366767539,4.934192491692062,3.883127984774816,0.0,5.5195556187978125,5.145476319658498,4.941154096121362,5.171214387305064,5.181343722500996,4.209963947489943,4.601378897428564,4.612721845903144,7.60295045250264,3.9450942362693002,4.580650218288511,5.4575469689259455,7.55319655919245,6.772165747008871,7.32194712710355,5.9520548603054255,5.667293938994864,6.073391562408207,5.777852215955141,5.802958565759823,5.341838916044421,6.2274543218232274,5.567752659569583
29,5.663175448490335,7.682113773363781,7.4292652622585456,8.006447674078176,7.593233404955735,4.788863027809112,7.868110654369609,5.491048645165491,3.3850540917264493,7.886737165389981,7.983907919912573,4.987236423487537,5.082689444816013,4.875758635912022,5.032990161929953,4.968704137243327,4.986965119500966,4.592577703739538,4.572922281367728,5.469957567914707,4.070420422083359,4.449134670237897,5.954860321415098,5.812032219621302,5.101591383729857,5.134520718877195,4.8131778063791515,5.783589545318669,5.5195556187978125,0.0,4.828932695781305,4.801658158793736,4.970403800496398,4.949241457450554,4.588312862223017,4.899866007143072,4.793005202292125,7.405469917024314,4.714351202269521,5.287486578359624,5.473726345118094,7.813004791539255,6.350720459015922,7.397851680622448,5.959034311025557,5.202837609932607,6.287795462939528,6.03498096483307,6.315162306380624,5.4797194428266325,6.227725948969483,5.544095056370297
30,5.767916504058978,8.625419133395068,8.080181993406875,8.313304314152596,8.4375062326803,4.384072453202869,6.9932721779462295,5.555838493101055,5.6997923446940755,8.654655910902258,8.084855680412733,2.2429099004652855,2.501261092263408,2.1907754373332327,1.9261020982625847,2.0674869963572866,2.029674057026019,2.2093445072305657,4.860622485791804,5.902946860085624,4.4661086754096,5.347623056493258,6.2431060554323015,5.689170856644814,5.726326827025934,5.515495891865793,4.466127659363429,4.882767804152949,5.145476319658498,4.828932695781305,0.0,1.5651072183117358,1.4455422157436992,1.5092867843158602,1.1778316432855644,1.6268046017914313,1.3494344246657966,7.02873488924439,2.821661775162949,3.198198990473322,5.364227078609109,8.791813723992517,7.096199901652107,8.50061519178374,6.373806114994393,5.613802990005185,6.586532820874092,6.144693305598996,6.402256937404538,5.99849123728951,6.874702357505359,6.206962950364036
31,5.48860435667059,8.54345228192064,7.902864757389878,8.028304061693499,7.908892814273439,4.253673118194003,6.614772231697499,5.488427119912643,5.636497836262386,8.378912977556942,7.6932777832851285,2.0770167663646286,2.3928176571176287,2.04378542145749,1.9895076590218304,1.5261683674366162,2.067135926498308,2.052904064405091,4.435662167728659,5.6282697950275615,4.086938499458965,4.876225535190354,5.999023980817085,5.361386570884102,5.297995739744176,5.2386901312495855,4.244443464289735,4.603637822696875,4.941154096121362,4.801658158793736,1.5651072183117358,0.0,1.632768884898868,1.6447066137675674,1.4185771943797918,1.5849940855726692,1.458388809252293,6.916247613675278,2.291473992202404,3.1713495551206208,5.051593035997258,8.380632602038549,6.86704918299365,8.08833192471892,6.032867587564675,5.442521525712673,6.403333653581992,5.9518193083703625,5.9830674050651105,5.59754142289581,6.605961720114691,5.850097067560043
32,5.584544971388418,9.011518779326746,8.19631905875714,8.467241006972406,8.409868911939142,4.489151792903102,7.052963637432485,5.549956083543275,5.748910397888977,8.783499106462225,8.09310055063916,2.438202017200008,2.3019200327457376,2.40626418323361,2.203511581285249,2.1017111658632377,2.030956108663356,2.2188752501667546,4.73024761191668,5.875626799148813,4.304620890358167,5.1756442104602325,6.23560655869767,5.710986405432472,5.5432712963333115,5.312797599902461,4.565333339559932,4.960882415103641,5.171214387305064,4.970403800496398,1.4455422157436992,1.632768884898868,0.0,1.7919771367534476,1.275061085613717,1.5518615141516978,1.2930066398239366,6.99498960998483,2.989967180013059,3.445929444762259,5.314261535747557,8.710652164763426,7.015142387983242,8.428192322372102,6.348645927706934,5.602030256427661,6.558681464987768,6.103440041373869,6.293706410290293,5.838816607904364,6.823515310035055,6.148570422432893
33,5.7771026165627015,8.640526530540285,8.25219308587506,8.46889554104823,8.559323368479687,4.497573359535952,6.959918501846111,5.670596843310204,5.843114910841142,8.67347393988987,8.267422714311751,2.468284200164868,2.474129724069297,2.110848291967507,2.3320352535390145,2.269780620054718,2.1194835852695046,1.8131814741482135,4.695850417466541,5.871096385170462,4.305448208655035,5.2254278495320365,6.373526996934026,5.798590433048314,5.618515036153107,5.4000463945037165,4.446597770197203,4.9489325638021455,5.181343722500996,4.949241457450554,1.5092867843158602,1.6447066137675674,1.7919771367534476,0.0,1.4733783068124222,1.7579988599952983,1.1224113777448257,7.030413524483563,2.5548954933848114,3.10241156541102,5.370236865545183,8.767791126987657,7.105276373335381,8.416895256839995,6.407954318526162,5.629577405069559,6.628244327866197,6.205652157322302,6.327068108217986,5.778420608549244,6.872868179634043,6.112343608537689
34,5.681263392142123,7.264855810418797,6.678102221533308,8.024637180649878,8.770047953211336,4.429271377551718,6.406345322065301,5.255833692653962,5.402338582705793,8.604756950502534,8.162963942867181,1.9105402997323024,1.9348712938401476,2.2533269180878825,1.6262264826803055,2.460370342373731,2.0576572905726773,2.8012301322003252,4.971459978348204,5.214994406797242,4.418929637784801,5.373719889571397,5.710477812259484,5.649002075320311,5.76442117375623,5.476321632791134,4.399557422587639,4.202962779948266,4.209963947489943,4.588312862223017,1.1778316432855644,1.4185771943797918,1.275061085613717,1.4733783068124222,0.0,1.5670724547302868,1.4406354803923904,6.539339684245898,3.580543671549663,3.7699464155171607,5.328303091930334,8.832202615555111,7.224231730502169,8.742305124045568,6.7061960008861785,5.7204216165456145,6.804782566683177,6.321947863265701,6.249699656939948,6.227170632678674,7.154387260915005,6.4646279873977575
35,5.68399378253076,7.658750115173729,6.90808089741379,8.214690770127582,8.37996482112809,4.552595822156463,7.237217683971876,5.73487513419337,5.771569677698568,8.769141676898856,8.213844760141244,2.0636967383305502,2.036530362005212,2.3919887819114254,2.0221834144311592,2.799815539288718,1.757163746937509,2.8822348879142154,4.628968336355073,5.3281504483040365,4.291367504908073,5.0527972831184655,5.889929221980846,5.556933901429977,5.391914026335088,5.206817700913052,4.428205436284212,4.630764127248899,4.601378897428564,4.899866007143072,1.6268046017914313,1.5849940855726692,1.5518615141516978,1.7579988599952983,1.5670724547302868,0.0,1.7934397180331307,6.698183947754415,3.5890002958757705,3.7370079739783617,5.392247251369321,8.893827028038686,7.084358565167621,8.42129895320727,6.440316741778612,5.597707683635326,6.609722840539453,6.072701803552164,6.341596898498238,5.953933191188412,6.8140212095163735,6.106963250963813
36,6.033948575441016,7.8123670918736,7.114336074140684,8.696759136761575,8.93088857981789,5.027922688890804,7.047484368214098,5.73986838657728,5.820928239175125,9.298357340142587,8.75693569919013,2.310244064541947,2.290686042003943,2.381475983595051,2.2773691274952474,2.8070412667791933,2.27352378007817,2.5721028616805226,5.166645772412313,5.632628208539827,4.639863184165723,5.620695079857246,6.177557825919884,6.2723506028258456,5.942891069627049,5.68725627869381,5.03654431338711,4.682488393867722,4.612721845903144,4.793005202292125,1.3494344246657966,1.458388809252293,1.2930066398239366,1.1224113777448257,1.4406354803923904,1.7934397180331307,0.0,6.783626114579325,3.4545570935397096,3.5971984451251235,5.783881537845769,9.352107162608016,7.326046262090425,8.752873484294796,6.795204468565157,5.799409402469364,6.977037389277077,6.492714335541805,6.592296959296656,6.228645289606202,7.2693519408092016,6.5242236375250755
37,7.372922738856855,10.532238030789259,10.568981120953405,10.499517959515535,10.130455739041725,7.224814643008473,9.151924184162409,7.434505848593525,7.748720268184173,10.585363875932588,10.49143313516294,7.065090635356582,7.242797846045005,7.007524143748597,6.94368630137407,6.965144919110849,6.872434294031068,6.705571583976455,6.6275697388476615,7.930559366750254,6.261987232860247,6.964019203098635,8.097532676141487,7.677718617273701,7.187297706232798,6.845739039466802,7.116668684279254,7.555853126884612,7.60295045250264,7.405469917024314,7.02873488924439,6.916247613675278,6.99498960998483,7.030413524483563,6.539339684245898,6.698183947754415,6.783626114579325,0.0,6.998491657099115,7.088041767931071,7.271591961155272,10.200470968870913,8.5796902386712,9.671892429258069,8.296540746762435,7.479561146983474,8.457549345350538,7.690606373521867,7.870774083759466,7.104866980035104,7.96944972218624,7.566288721860704
38,6.2694884591462,7.067373208922622,6.643489009202573,7.582381442645308,7.968554518558472,4.157115133842292,5.437702926534894,4.936730469925553,5.351407773813632,7.9786578351433945,7.340249367113753,3.105987380192682,3.3004329066747036,2.3271203441641664,3.2665133739119034,2.675438745926287,3.373971333897773,2.174668108785485,4.969705642494777,5.497859977732494,4.539926509147314,5.099401053688544,5.341160748128879,5.388141173674006,5.747181924828884,5.679919398827343,4.513754873989931,3.743596748277235,3.9450942362693002,4.714351202269521,2.821661775162949,2.291473992202404,2.989967180013059,2.5548954933848114,3.580543671549663,3.5890002958757705,3.4545570935397096,6.998491657099115,0.0,3.7521592632958036,5.423448179234598,7.848677959414772,6.72206011551437,7.64030142187236,6.041581177600079,5.611071726077972,6.303541875744361,5.857685507219431,5.569124245480106,5.463535714949912,6.592978509583416,5.601534261913874
39,6.407628417751235,8.278260958609005,7.796689291632499,8.495598831257599,9.374681372815402,5.152785526199344,6.641882248090753,5.274695087520032,5.883401529811801,9.090864515977323,8.691241746492262,3.5564156713316923,3.969793631332257,3.360251984890979,3.7912612389746916,3.8550062165209122,3.6764779895928754,3.526165059997771,5.084552910832133,5.999364577033471,4.552496919431365,5.338009977331651,6.268733318160604,5.854716680991923,5.875053882933165,5.689799270807978,5.118570407411445,5.048712893096834,4.580650218288511,5.287486578359624,3.198198990473322,3.1713495551206208,3.445929444762259,3.10241156541102,3.7699464155171607,3.7370079739783617,3.5971984451251235,7.088041767931071,3.7521592632958036,0.0,6.129451329374686,8.537454733186673,7.294802842269288,8.669889301311645,6.806362518693452,6.041239963909099,6.70501297587403,6.592774369312985,6.06879996276181,5.9013819760049175,7.186136836946504,6.071950914956673
40,2.6017791772374905,7.255795243885682,8.0527656444358,8.072796906692442,7.774868704765939,4.88601474450943,8.037851459964111,5.722273110077251,5.796080918903999,7.692318106590025,8.560955324994042,5.1079734906326,4.7739547075729645,5.392543092328213,4.877664332866002,5.528140476439872,4.955413182790384,5.9429922698368545,3.5515301598138,2.672490638347536,3.309244497735559,1.9317066742651814,4.069792787003307,5.006164214114695,3.17196682908471,3.9945700125036847,4.62912056982995,5.348570873204892,5.4575469689259455,5.473726345118094,5.364227078609109,5.051593035997258,5.314261535747557,5.370236865545183,5.328303091930334,5.392247251369321,5.783881537845769,7.271591961155272,5.423448179234598,6.129451329374686,0.0,8.340773551685457,6.491069341523218,8.01732808643599,6.188412321524323,5.708063859137492,6.118030048105955,5.8103816093019764,6.231193182687036,6.351510409719033,6.777688849013301,6.2229128458972305
41,9.026004561119938,7.931742210123196,7.0833484699917735,8.514250328087844,7.507133424692933,7.477567451182824,8.4823974671714,8.13269500858256,8.012162244654139,8.53318060087034,8.042725013832046,8.556554945989292,8.11848512628109,8.196271423110185,8.779848932722034,8.630029792821606,8.452239788708033,8.23851923992883,6.652153191948535,7.397210375537358,6.446403732115657,6.344535341975008,7.443647825828501,8.211428160497265,7.1186629437640185,7.11550054467941,7.732048166471054,7.072874579884028,7.55319655919245,7.813004791539255,8.791813723992517,8.380632602038549,8.710652164763426,8.767791126987657,8.832202615555111,8.893827028038686,9.352107162608016,10.200470968870913,7.848677959414772,8.537454733186673,8.340773551685457,0.0,6.723536971217767,3.5579456357031582,6.7046939391385125,6.9998203864389925,7.659346701640936,6.325745847252911,7.137813521167197,6.866849829314077,7.516121653081305,6.6686471771234
