,0,1,2,3,4,5,6,7,8,9,10,11,12,13,14,15,16,17,18,19,20,21,22,23,24,25,26,27,28,29,30,31,32,33,34,35,36,37,38,39,40,41,42,43,44,45,46,47,48,49,50,51
0,0.0,0.047298799999999995,0.053569000000000006,0.05304420000000001,0.051340307692307685,0.024661999999999996,0.055561320754716995,0.028114230769230766,0.030932400000000006,0.048446440677966086,0.062366226415094345,0.0270508,0.02320899999999999,0.030583200000000012,0.0266114,0.03395017857142856,0.023659,0.03532287878787879,0.013169099999999996,0.009415999999999997,0.012909323308270673,0.008833255813953491,0.011770675675675673,0.018453333333333335,0.008234166666666666,0.015478076923076924,0.022860847457627113,0.031183199999999998,0.026717647058823523,0.02772274509803921,0.028435199999999997,0.026053599999999993,0.026838200000000006,0.028585999999999997,0.027486093749999996,0.027553200000000003,0.030648363636363647,0.04691660000000002,0.0346509375,0.0348227142857143,0.005637575757575754,0.05973517857142859,0.0406962,0.05292910891089108,0.030462682926829267,0.035064821428571404,0.037963606557377044,0.032158787878787884,0.028418253968253954,0.03538281249999999,0.03932499999999999,0.03079752475247524
1,0.047298799999999995,0.0,0.028358,0.019470384615384608,0.01432675,0.04141641509433962,0.061352040816326524,0.05054568627450982,0.04577937499999999,0.012977719298245611,0.022329811320754706,0.04964861111111111,0.04643717948717948,0.0427386046511628,0.04478714285714286,0.043378035714285716,0.04266955555555555,0.0405262121212121,0.0344489,0.04365676470588234,0.029504962406015033,0.0320117054263566,0.04791475000000002,0.049367321428571434,0.03696264462809917,0.04333007751937986,0.04179500000000002,0.04509545454545454,0.058287692307692325,0.043238863636363645,0.05368032258064514,0.05316096774193549,0.05804193548387099,0.053874193548387087,0.038412187500000014,0.04298,0.04324436363636364,0.07938794871794871,0.03657109374999999,0.04880999999999999,0.040736,0.04820017543859649,0.05249111111111112,0.042663076923076915,0.05723079365079365,0.04642053097345132,0.05986868852459018,0.04924343434343433,0.06064382978723405,0.058030833333333316,0.056559848484848484,0.044283366336633656
2,0.053569000000000006,0.028358,0.0,0.0200566,0.008466896551724144,0.035432264150943395,0.05224897959183673,0.04849599999999999,0.044369375000000016,0.021714,0.012340952380952378,0.047725555555555556,0.0393823076923077,0.03774046511627907,0.04335380952380952,0.03627053571428572,0.03676266666666665,0.03144530303030304,0.037278300000000014,0.04864485714285715,0.03501676691729325,0.03763507692307693,0.047949249999999985,0.041955454545454546,0.04161733333333331,0.04331387596899224,0.03725607142857142,0.04072744186046511,0.0517525641025641,0.03858644444444446,0.04556636363636363,0.04423878787878788,0.04668515151515151,0.047115151515151506,0.03218265625,0.03439900000000001,0.03500714285714286,0.07842897435897436,0.03335359375000001,0.042695571428571416,0.047571568627450975,0.040272142857142874,0.04700303030303026,0.03658509803921568,0.049563174603174595,0.04066401785714284,0.0510634426229508,0.04507131313131314,0.05138404255319147,0.048055000000000014,0.05212651515151516,0.03955782178217822
3,0.05304420000000001,0.019470384615384608,0.0200566,0.0,0.013169873417721516,0.03998283018867922,0.06773639999999999,0.056523599999999986,0.04372076923076927,0.014361587301587297,0.010056119402985073,0.04562041666666666,0.03999354166666665,0.04644395833333334,0.045209374999999975,0.046634642857142854,0.042618125000000014,0.04452712121212123,0.04009280000000001,0.04178354166666667,0.037327293233082696,0.03940759689922481,0.04311479166666666,0.05118545454545454,0.04170291666666667,0.04770945736434108,0.04505357142857143,0.04790062500000001,0.057525208333333334,0.04358619999999998,0.04824395833333333,0.04589104166666667,0.04982916666666667,0.05003666666666664,0.04464578125,0.046789199999999996,0.051082181818181804,0.07820958333333332,0.04124323076923077,0.052878714285714286,0.04835440000000002,0.05639303571428572,0.045002035398230104,0.04960732673267327,0.06107238095238095,0.04410637096774194,0.0651481967213115,0.04977484848484851,0.061584693877551,0.06151895833333332,0.05827242424242426,0.04069999999999999
4,0.051340307692307685,0.01432675,0.008466896551724144,0.013169873417721516,0.0,0.041197142857142835,0.050027499999999996,0.05270937500000002,0.04740587301587302,0.01012590476190476,0.007425747126436777,0.047325873015873016,0.04177111111111111,0.043372222222222215,0.04675190476190477,0.046436825396825386,0.043567619047619036,0.05049954545454544,0.0436035,0.0345003076923077,0.03798609022556393,0.03714739436619719,0.03857809523809523,0.04881269841269841,0.044184214876033044,0.047772748091603055,0.04187102941176467,0.03992571428571427,0.052200952380952396,0.04130126984126984,0.048238253968253965,0.04350238095238094,0.0482584126984127,0.04948444444444444,0.050994062500000006,0.046820476190476204,0.051906190476190474,0.0727969841269841,0.04510296875000001,0.060362142857142864,0.04425453125,0.03463376623376624,0.043115495495495516,0.025801926605504594,0.052215000000000004,0.038957045454545446,0.059780952380952365,0.049621616161616144,0.05285140625000001,0.05781697916666667,0.05948803030303032,0.03695090909090909
5,0.024661999999999996,0.04141641509433962,0.035432264150943395,0.03998283018867922,0.041197142857142835,0.0,0.03470758620689654,0.02570509090909091,0.027154107142857136,0.044968392857142866,0.04321943396226414,0.015549636363636363,0.012305849056603773,0.012845999999999998,0.014929259259259264,0.012983466666666669,0.011754210526315792,0.01207675,0.010080285714285714,0.01773207547169811,0.011211304347826082,0.014337984496124041,0.018437368421052626,0.018004918032786886,0.01738099999999999,0.017493525179856112,0.006472380952380949,0.017013818181818186,0.023320370370370373,0.019651578947368423,0.016277735849056604,0.015572452830188674,0.017051320754716975,0.01688,0.016463750000000006,0.016969811320754716,0.014752499999999995,0.045285094339622654,0.01562846153846154,0.022856250000000005,0.022247358490566048,0.04047553846153847,0.026945700934579438,0.03993135922330098,0.022017837837837843,0.020261206896551708,0.023542916666666674,0.02150626262626263,0.022609846153846147,0.026779702970297033,0.03198179104477612,0.021588990825688083
6,0.055561320754716995,0.061352040816326524,0.05224897959183673,0.06773639999999999,0.050027499999999996,0.03470758620689654,0.0,0.03252063492063492,0.046340566037735835,0.06901314814814816,0.058969056603773565,0.03728425925925926,0.03866755102040816,0.03678764705882352,0.03837074074074073,0.03503821428571428,0.03795000000000001,0.027566338028169008,0.02677157407407406,0.0467274,0.026722255639097744,0.02936038759689923,0.04250363636363639,0.040201754385964905,0.03392758333333333,0.0332624031007752,0.02961402985074626,0.022175172413793107,0.027395925925925917,0.046318269230769246,0.040463673469387756,0.03822510204081633,0.041427346938775526,0.04021306122448979,0.031171388888888887,0.034638983050847456,0.038572280701754384,0.06527755102040816,0.027066617647058828,0.03413947368421053,0.0506086274509804,0.05034881355932202,0.03484650943396227,0.03546323529411765,0.03759843750000001,0.028610619469026537,0.041155396825396845,0.0344263,0.03721518518518518,0.032573673469387755,0.04305768115942032,0.026113495145631077
7,0.028114230769230766,0.05054568627450982,0.04849599999999999,0.056523599999999986,0.05270937500000002,0.02570509090909091,0.03252063492063492,0.0,0.03197745098039216,0.05857943396226415,0.054457924528301886,0.02579037735849056,0.025268999999999996,0.0258474,0.02728176470588235,0.027194464285714277,0.026352199999999996,0.02345522388059702,0.020028099999999993,0.027613399999999996,0.017380298507462682,0.021060775193798457,0.027671960784313717,0.02734127272727273,0.023288166666666672,0.021822642857142853,0.025339827586206898,0.018912549019607844,0.006847500000000005,0.027712399999999998,0.0271668,0.02686959999999999,0.027193199999999997,0.028117400000000004,0.024405156249999997,0.028523800000000002,0.028269090909090914,0.04707450980392156,0.0215989552238806,0.024448,0.029432599999999996,0.04878189655172415,0.03783398058252427,0.04437584158415844,0.0336653125,0.028456752136752153,0.03348415384615384,0.031635353535353544,0.036120196078431366,0.03307302083333332,0.038726764705882356,0.029782079207920777
8,0.030932400000000006,0.04577937499999999,0.044369375000000016,0.04372076923076927,0.04740587301587302,0.027154107142857136,0.046340566037735835,0.03197745098039216,0.0,0.04964415094339625,0.04717092592592593,0.029119791666666662,0.02798645833333333,0.02630459999999999,0.02856244897959185,0.030437142857142847,0.027718125,0.024638472222222225,0.022026764705882343,0.03027083333333333,0.018480746268656718,0.02227123076923078,0.03346624999999998,0.034415178571428576,0.026473750000000008,0.025797286821705432,0.028369499999999995,0.030389,0.03121916666666666,0.011214199999999997,0.02919416666666667,0.028673333333333346,0.029641249999999997,0.029904583333333328,0.02605874999999999,0.029298,0.02955290909090909,0.05122734693877552,0.027147812500000014,0.030325000000000005,0.03039499999999999,0.049300517241379314,0.03904373737373738,0.0445690099009901,0.035041323529411764,0.030153274336283172,0.037516029411764705,0.03530101010101012,0.03557907407407406,0.032967083333333334,0.038561969696969706,0.03048594059405941
9,0.048446440677966086,0.012977719298245611,0.021714,0.014361587301587297,0.01012590476190476,0.044968392857142866,0.06901314814814816,0.05857943396226415,0.04964415094339625,0.0,0.01802640625,0.05132245283018866,0.04697113207547169,0.04815528301886792,0.04974000000000002,0.051722678571428586,0.04827641509433963,0.052462424242424234,0.03717150943396227,0.03726396226415095,0.03210257142857142,0.035399923664122146,0.042866037735849065,0.053996363636363634,0.04071936507936508,0.04634217054263566,0.045427627118644086,0.05090094339622641,0.05995188679245283,0.044931698113207554,0.05300433962264152,0.05014132075471699,0.054514905660377345,0.05321000000000001,0.05179234375,0.053827169811320755,0.05856509090909091,0.07974849056603772,0.04534430769230768,0.058023428571428566,0.04396773584905662,0.05550571428571427,0.045613859649122825,0.048569405940594064,0.06311253968253967,0.05220785714285714,0.06572032786885247,0.0535119191919192,0.06260905660377358,0.06193375000000002,0.05987208955223881,0.036742047244094495
10,0.062366226415094345,0.022329811320754706,0.012340952380952378,0.010056119402985073,0.007425747126436777,0.04321943396226414,0.058969056603773565,0.054457924528301886,0.04717092592592593,0.01802640625,0.0,0.046248113207547174,0.04136943396226417,0.04205169811320755,0.04558226415094339,0.04300214285714286,0.04252,0.04282757575757575,0.045547699999999997,0.04710301886792451,0.041196691729323325,0.04570062015503879,0.04208749999999999,0.05214309090909092,0.04964358333333337,0.05211573643410854,0.046158392857142856,0.04231377358490566,0.050634716981132075,0.0458154716981132,0.045854716981132075,0.04264452830188681,0.04638415094339622,0.047549999999999995,0.04584359374999998,0.04695264150943396,0.051764181818181806,0.07873415094339625,0.039511875,0.05356014285714285,0.05494471698113208,0.04965589285714288,0.04949757575757574,0.04545782178217822,0.058684920634920645,0.04115076923076922,0.06182803278688525,0.04910515151515151,0.059481509433962264,0.058419166666666654,0.05822363636363633,0.04453089108910892
11,0.0270508,0.04964861111111111,0.047725555555555556,0.04562041666666666,0.047325873015873016,0.015549636363636363,0.03728425925925926,0.02579037735849056,0.029119791666666662,0.05132245283018866,0.046248113207547174,0.0,0.0062806666666666705,0.007327826086956523,0.0028228260869565245,0.004896031746031748,0.004709636363636369,0.007162916666666672,0.0184437,0.03009882352941176,0.015476766917293243,0.020711627906976747,0.03146349999999999,0.02515892857142857,0.02493708333333334,0.023172558139534886,0.015773389830508473,0.020403478260869568,0.022377555555555557,0.02260886363636364,0.004291904761904772,0.0038028205128205084,0.0048551219512195124,0.005242051282051281,0.003288157894736838,0.003635423728813557,0.003584788732394364,0.04491871794871795,0.009186406250000001,0.014465200000000008,0.023103600000000002,0.055336785714285706,0.038996666666666666,0.048025742574257436,0.03444682539682539,0.026623303571428558,0.037965409836065576,0.031097676767676784,0.033380425531914885,0.030667916666666656,0.04001954545454545,0.02824683168316834
12,0.02320899999999999,0.04643717948717948,0.0393823076923077,0.03999354166666665,0.04177111111111111,0.012305849056603773,0.03866755102040816,0.025268999999999996,0.02798645833333333,0.04697113207547169,0.04136943396226417,0.0062806666666666705,0.0,0.0064131818181818205,0.005993333333333334,0.008534107142857138,0.0020390384615384585,0.0072816417910447784,0.0137535,0.02339897435897436,0.012619022556390979,0.015734651162790693,0.025334418604651163,0.0212380357142857,0.019175416666666667,0.01961519379844961,0.013631607142857143,0.018950232558139535,0.021869512195121954,0.021728913043478258,0.0038890566037735885,0.005166923076923076,0.004384146341463408,0.004813255813953488,0.00307631578947369,0.003200344827586207,0.0028172500000000016,0.0452774358974359,0.009583125000000003,0.015279859154929578,0.020502399999999997,0.050107499999999985,0.03498752475247525,0.045966435643564355,0.030751746031746026,0.024075350877192994,0.033352950819672135,0.026643535353535346,0.029810425531914892,0.027218437500000008,0.03592090909090907,0.02542554455445544
13,0.030583200000000012,0.0427386046511628,0.03774046511627907,0.04644395833333334,0.043372222222222215,0.012845999999999998,0.03678764705882352,0.0258474,0.02630459999999999,0.04815528301886792,0.04205169811320755,0.007327826086956523,0.0064131818181818205,0.0,0.0061532653061224475,0.005731000000000001,0.005118269230769237,0.0030549999999999965,0.016440200000000002,0.02598767441860465,0.013987067669172935,0.021100542635658928,0.02881534883720929,0.025250000000000012,0.025146666666666668,0.023997984496124027,0.013087936507936508,0.017947500000000005,0.020627045454545453,0.019038297872340428,0.0037335294117647054,0.003908604651162776,0.00464510638297873,0.003777499999999992,0.003434117647058833,0.004375000000000002,0.0034607999999999987,0.04228976744186046,0.0051518461538461536,0.012662394366197188,0.0252944,0.04942607142857142,0.0361171717171717,0.044204059405940584,0.030278412698412704,0.024904732142857152,0.03342245901639345,0.027341515151515165,0.031082127659574466,0.027706249999999998,0.03695954545454544,0.026589801980198016
14,0.0266114,0.04478714285714286,0.04335380952380952,0.045209374999999975,0.04675190476190477,0.014929259259259264,0.03837074074074073,0.02728176470588235,0.02856244897959185,0.04974000000000002,0.04558226415094339,0.0028228260869565245,0.005993333333333334,0.0061532653061224475,0.0,0.003992985074626861,0.003905370370370375,0.006251818181818181,0.016975631067961173,0.025517142857142856,0.01375548872180451,0.020421162790697677,0.030095581395348833,0.024957241379310345,0.024587916666666668,0.022863410852713175,0.015193000000000002,0.022785652173913044,0.025517500000000002,0.021610000000000004,0.003132708333333336,0.0033513333333333234,0.0035773999999999997,0.0037101886792452795,0.002311891891891892,0.0029006153846153834,0.002787124999999997,0.04296095238095239,0.009616562500000004,0.014591599999999995,0.021133199999999998,0.05742589285714285,0.038648989898989905,0.051740297029702995,0.033918253968253965,0.02577169642857143,0.03760983606557377,0.030529292929292906,0.036028510638297866,0.032473437499999994,0.04177045454545454,0.030640594059405946
15,0.03395017857142856,0.043378035714285716,0.03627053571428572,0.046634642857142854,0.046436825396825386,0.012983466666666669,0.03503821428571428,0.027194464285714277,0.030437142857142847,0.051722678571428586,0.04300214285714286,0.004896031746031748,0.008534107142857138,0.005731000000000001,0.003992985074626861,0.0,0.004241190476190477,0.00459081081081081,0.020247410714285707,0.029588571428571433,0.017385144927536216,0.027093410852713187,0.02977571428571429,0.029505000000000003,0.0315045,0.02747705426356589,0.014661351351351352,0.018508793103448277,0.0191145,0.02169894736842105,0.0035234920634920645,0.002156491228070168,0.003234477611940296,0.0038695312499999954,0.0037089655172413776,0.0035778888888888904,0.003889438202247189,0.042981785714285715,0.006424179104477602,0.012783255813953487,0.026680714285714273,0.05495214285714285,0.03839878787878787,0.05072534653465345,0.034228571428571435,0.02686767857142857,0.03888508196721311,0.03212494949494949,0.03566142857142858,0.032595463917525776,0.04344772727272728,0.030657425742574244
16,0.023659,0.04266955555555555,0.03676266666666665,0.042618125000000014,0.043567619047619036,0.011754210526315792,0.03795000000000001,0.026352199999999996,0.027718125,0.04827641509433963,0.04252,0.004709636363636369,0.0020390384615384585,0.005118269230769237,0.003905370370370375,0.004241190476190477,0.0,0.007015223880597013,0.013274903846153836,0.02237955555555555,0.011657894736842101,0.01633767441860465,0.027301111111111106,0.02215321428571429,0.01978825,0.019822248062015498,0.011293125000000001,0.012393529411764711,0.014936615384615383,0.020704893617021276,0.0031701960784313627,0.00370391304347826,0.003410425531914885,0.0036172000000000027,0.002760125000000002,0.0026679629629629575,0.002832571428571424,0.04100333333333332,0.009985312499999996,0.013232987012987012,0.021327000000000006,0.05299250000000001,0.03644696969696968,0.04751009900990099,0.03079707692307692,0.02422848214285713,0.03366786885245902,0.026685757575757557,0.030538571428571443,0.028684166666666674,0.03578500000000001,0.026479603960396055
17,0.03532287878787879,0.0405262121212121,0.03144530303030304,0.04452712121212123,0.05049954545454544,0.01207675,0.027566338028169008,0.02345522388059702,0.024638472222222225,0.052462424242424234,0.04282757575757575,0.007162916666666672,0.0072816417910447784,0.0030549999999999965,0.006251818181818181,0.00459081081081081,0.007015223880597013,0.0,0.022161999999999987,0.02807818181818181,0.018501594202898534,0.02733511627906976,0.028957272727272734,0.02482148648648647,0.030970750000000002,0.02899713178294573,0.011293939393939394,0.015540454545454547,0.016365303030303036,0.018584696969696966,0.0044727272727272714,0.003736212121212124,0.004282686567164184,0.0028004411764705798,0.006010512820512828,0.007032463768115941,0.0038885057471264362,0.03898030303030303,0.0038450602409638513,0.012271309523809535,0.030267727272727262,0.04909348484848485,0.03897737373737373,0.046677425742574274,0.03456121212121212,0.027633660714285718,0.034858529411764705,0.030610707070707063,0.029261818181818184,0.029653020833333345,0.04108626865671641,0.029945940594059407
18,0.013169099999999996,0.0344489,0.037278300000000014,0.04009280000000001,0.0436035,0.010080285714285714,0.02677157407407406,0.020028099999999993,0.022026764705882343,0.03717150943396227,0.045547699999999997,0.0184437,0.0137535,0.016440200000000002,0.016975631067961173,0.020247410714285707,0.013274903846153836,0.022161999999999987,0.0,0.009241800000000001,0.00453295774647887,0.00889395348837209,0.010040990990990989,0.009269107142857141,0.011300476190476185,0.0112922972972973,0.009968653846153848,0.016858100000000004,0.017495643564356428,0.019455099999999993,0.020315700000000006,0.0169706,0.019133700000000003,0.01880509999999999,0.02039439999999999,0.017950900000000006,0.021955600000000013,0.037785300000000015,0.01724074380165288,0.022128316831683172,0.01136309090909091,0.037200699999999996,0.025489214285714268,0.03968242187500001,0.01770744186046512,0.024677769230769222,0.018915480769230768,0.022139629629629624,0.0164196,0.022775476190476197,0.023755855855855847,0.02661108108108108
19,0.009415999999999997,0.04365676470588234,0.04864485714285715,0.04178354166666667,0.0345003076923077,0.01773207547169811,0.0467274,0.027613399999999996,0.03027083333333333,0.03726396226415095,0.04710301886792451,0.03009882352941176,0.02339897435897436,0.02598767441860465,0.025517142857142856,0.029588571428571433,0.02237955555555555,0.02807818181818181,0.009241800000000001,0.0,0.010044060150375941,0.004407076923076927,0.012424250000000001,0.02051571428571428,0.005961138211382114,0.01610038461538462,0.014612105263157888,0.022998723404255305,0.03094051282051282,0.027057499999999998,0.02970323529411765,0.02739970588235294,0.02968735294117646,0.029400000000000006,0.023689218750000005,0.024732799999999996,0.02681036363636363,0.05514641025641024,0.02683015625,0.030657857142857153,0.008224339622641502,0.04589446428571427,0.035877549019607845,0.0411931683168317,0.033483809523809534,0.031374553571428564,0.03318540983606558,0.02862404040404041,0.029411458333333335,0.03208724489795918,0.033772121212121226,0.02635564356435645
20,0.012909323308270673,0.029504962406015033,0.03501676691729325,0.037327293233082696,0.03798609022556393,0.011211304347826082,0.026722255639097744,0.017380298507462682,0.018480746268656718,0.03210257142857142,0.041196691729323325,0.015476766917293243,0.012619022556390979,0.013987067669172935,0.01375548872180451,0.017385144927536216,0.011657894736842101,0.018501594202898534,0.00453295774647887,0.010044060150375941,0.0,0.009525347222222218,0.010653208955223882,0.008669350649350649,0.013289172413793104,0.012059811320754718,0.009661357142857152,0.015548029197080294,0.01644827067669173,0.016109850746268656,0.01688323308270677,0.014555864661654126,0.016081503759398492,0.015892706766917286,0.016084661654135347,0.015342706766917298,0.01753812030075188,0.03424939849624059,0.015459740259740253,0.01753138686131388,0.011122406015037596,0.03119492957746479,0.023361411042944782,0.0349155063291139,0.018660884353741487,0.019306010928961736,0.0180763309352518,0.021342330827067667,0.018203007518797,0.02331198675496689,0.02262622222222224,0.02037035294117648
21,0.008833255813953491,0.0320117054263566,0.03763507692307693,0.03940759689922481,0.03714739436619719,0.014337984496124041,0.02936038759689923,0.021060775193798457,0.02227123076923078,0.035399923664122146,0.04570062015503879,0.020711627906976747,0.015734651162790693,0.021100542635658928,0.020421162790697677,0.027093410852713187,0.01633767441860465,0.02733511627906976,0.00889395348837209,0.004407076923076927,0.009525347222222218,0.0,0.006203206106870231,0.011149315068493149,0.004604294478527604,0.012251010101010092,0.012164496124031008,0.017866046511627893,0.020014186046511617,0.019120930232558137,0.024765736434108523,0.021057286821705434,0.023511550387596898,0.023779147286821695,0.02430573643410853,0.021908914728682165,0.02656193798449611,0.04413232558139534,0.023620852713178295,0.02549488372093022,0.007103643410852715,0.035149689922480624,0.030140275862068962,0.044113230769230745,0.01926859060402683,0.028628791946308744,0.022136434108527118,0.024809457364341092,0.017727596899224804,0.02662318181818182,0.025262170542635673,0.023599051094890515
22,0.011770675675675673,0.04791475000000002,0.047949249999999985,0.04311479166666666,0.03857809523809523,0.018437368421052626,0.04250363636363639,0.027671960784313717,0.03346624999999998,0.042866037735849065,0.04208749999999999,0.03146349999999999,0.025334418604651163,0.02881534883720929,0.030095581395348833,0.02977571428571429,0.027301111111111106,0.028957272727272734,0.010040990990990989,0.012424250000000001,0.010653208955223882,0.006203206106870231,0.0,0.015777166666666665,0.0075959677419354865,0.012800930232558133,0.018186779661016943,0.02749906976744185,0.027962325581395348,0.03166113636363635,0.033167999999999996,0.031279250000000015,0.03314775000000001,0.03403225,0.028291406249999998,0.029780399999999995,0.03177472727272728,0.05583800000000001,0.025612968750000017,0.033568,0.01681884615384616,0.04544122807017545,0.03646660000000001,0.04045514851485149,0.032623999999999986,0.030385357142857155,0.03257145161290323,0.026556666666666673,0.03323714285714287,0.030873163265306123,0.03335757575757576,0.02532851485148516
23,0.018453333333333335,0.049367321428571434,0.041955454545454546,0.05118545454545454,0.04881269841269841,0.018004918032786886,0.040201754385964905,0.02734127272727273,0.034415178571428576,0.053996363636363634,0.05214309090909092,0.02515892857142857,0.0212380357142857,0.025250000000000012,0.024957241379310345,0.029505000000000003,0.02215321428571429,0.02482148648648647,0.009269107142857141,0.02051571428571428,0.008669350649350649,0.011149315068493149,0.015777166666666665,0.0,0.012743095238095232,0.008740962962962952,0.01678046153846153,0.021258545454545454,0.025641090909090912,0.03095785714285714,0.028245999999999997,0.025451454545454548,0.0287949090909091,0.02899290909090909,0.027286461538461537,0.02625236363636363,0.033547272727272724,0.05138509090909091,0.026459999999999994,0.027736849315068497,0.01895656716417911,0.04720129032258064,0.034807899999999996,0.044563725490196084,0.025538292682926834,0.028905929203539824,0.02707042253521127,0.025435252525252524,0.029245357142857142,0.030476875000000014,0.032698309859154936,0.02678168316831683
24,0.008234166666666666,0.03696264462809917,0.04161733333333331,0.04170291666666667,0.044184214876033044,0.01738099999999999,0.03392758333333333,0.023288166666666672,0.026473750000000008,0.04071936507936508,0.04964358333333337,0.02493708333333334,0.019175416666666667,0.025146666666666668,0.024587916666666668,0.0315045,0.01978825,0.030970750000000002,0.011300476190476185,0.005961138211382114,0.013289172413793104,0.004604294478527604,0.0075959677419354865,0.012743095238095232,0.0,0.011553235294117656,0.015966033057851253,0.02076283333333333,0.02212116666666665,0.021712307692307694,0.02847433333333332,0.024611416666666663,0.02680341666666668,0.02726658333333333,0.02833533333333333,0.02503858333333334,0.0300255,0.04537908333333337,0.02860133333333333,0.029655833333333312,0.010835597014925369,0.040511000000000026,0.03409678832116786,0.042893695652173915,0.024027936507936505,0.03197408759124088,0.024301404958677685,0.028199583333333337,0.01945141666666668,0.027536740740740747,0.02516075,0.023157407407407408
25,0.015478076923076924,0.04333007751937986,0.04331387596899224,0.04770945736434108,0.047772748091603055,0.017493525179856112,0.0332624031007752,0.021822642857142853,0.025797286821705432,0.04634217054263566,0.05211573643410854,0.023172558139534886,0.01961519379844961,0.023997984496124027,0.022863410852713175,0.02747705426356589,0.019822248062015498,0.02899713178294573,0.0112922972972973,0.01610038461538462,0.012059811320754718,0.012251010101010092,0.012800930232558133,0.008740962962962952,0.011553235294117656,0.0,0.016145220588235296,0.022571317829457368,0.021636567164179107,0.02451984496124032,0.026451162790697678,0.024201007751937984,0.024851937984496125,0.025461472868217046,0.0258960465116279,0.02326240310077518,0.02745000000000001,0.04011263565891474,0.028121007751937998,0.028705271317829448,0.015240000000000004,0.038694477611940316,0.02962358974358972,0.043653561643835624,0.02343181818181817,0.024662584269662936,0.023037573529411753,0.029055769230769232,0.02390507462686568,0.029319591836734698,0.029962000000000016,0.025529743589743588
26,0.022860847457627113,0.04179500000000002,0.03725607142857142,0.04505357142857143,0.04187102941176467,0.006472380952380949,0.02961402985074626,0.025339827586206898,0.028369499999999995,0.045427627118644086,0.046158392857142856,0.015773389830508473,0.013631607142857143,0.013087936507936508,0.015193000000000002,0.014661351351351352,0.011293125000000001,0.011293939393939394,0.009968653846153848,0.014612105263157888,0.009661357142857152,0.012164496124031008,0.018186779661016943,0.01678046153846153,0.015966033057851253,0.016145220588235296,0.0,0.01490559322033898,0.02174228070175439,0.02076883333333334,0.017059642857142853,0.015655178571428566,0.016886101694915254,0.016536842105263152,0.016312923076923072,0.01581,0.01687939393939394,0.043587857142857137,0.016159859154929578,0.02351014285714287,0.020535535714285715,0.03967015384615384,0.026263333333333343,0.03852380952380955,0.022339230769230778,0.02029195121951219,0.025747142857142854,0.023133030303030298,0.025658771929824565,0.027580721649484538,0.03158101449275361,0.02335153846153846
27,0.031183199999999998,0.04509545454545454,0.04072744186046511,0.04790062500000001,0.03992571428571427,0.017013818181818186,0.022175172413793107,0.018912549019607844,0.030389,0.05090094339622641,0.04231377358490566,0.020403478260869568,0.018950232558139535,0.017947500000000005,0.022785652173913044,0.018508793103448277,0.012393529411764711,0.015540454545454547,0.016858100000000004,0.022998723404255305,0.015548029197080294,0.017866046511627893,0.02749906976744185,0.021258545454545454,0.02076283333333333,0.022571317829457368,0.01490559322033898,0.0,0.01450162790697675,0.02813916666666667,0.021950697674418613,0.01964023255813954,0.018962941176470592,0.02045608695652173,0.015508591549295772,0.015605409836065566,0.017653968253968255,0.0492346511627907,0.013539850746268659,0.02356842857142857,0.027157254901960783,0.03998071428571428,0.03532222222222221,0.03556138613861385,0.024805937499999986,0.025502321428571423,0.029469838709677426,0.025881111111111108,0.025618999999999996,0.024677187500000003,0.03079268656716418,0.02169718446601941
28,0.026717647058823523,0.058287692307692325,0.0517525641025641,0.057525208333333334,0.052200952380952396,0.023320370370370373,0.027395925925925917,0.006847500000000005,0.03121916666666666,0.05995188679245283,0.050634716981132075,0.022377555555555557,0.021869512195121954,0.020627045454545453,0.025517500000000002,0.0191145,0.014936615384615383,0.016365303030303036,0.017495643564356428,0.03094051282051282,0.01644827067669173,0.020014186046511617,0.027962325581395348,0.025641090909090912,0.02212116666666665,0.021636567164179107,0.02174228070175439,0.01450162790697675,0.0,0.027690444444444455,0.023856666666666665,0.022272307692307692,0.02220952380952381,0.023887435897435895,0.01763546875,0.018265178571428564,0.019988363636363637,0.04558928571428572,0.01544609375,0.019187714285714287,0.027643799999999993,0.04410875000000002,0.03764980392156861,0.04224158415841585,0.03181761904761905,0.024120300751879695,0.03305516129032258,0.030168787878787878,0.030776808510638298,0.026737708333333332,0.03470838235294117,0.02556851485148513
29,0.02772274509803921,0.043238863636363645,0.03858644444444446,0.04358619999999998,0.04130126984126984,0.019651578947368423,0.046318269230769246,0.027712399999999998,0.011214199999999997,0.044931698113207554,0.0458154716981132,0.02260886363636364,0.021728913043478258,0.019038297872340428,0.021610000000000004,0.02169894736842105,0.020704893617021276,0.018584696969696966,0.019455099999999993,0.027057499999999998,0.016109850746268656,0.019120930232558137,0.03166113636363635,0.03095785714285714,0.021712307692307694,0.02451984496124032,0.02076883333333334,0.02813916666666667,0.027690444444444455,0.0,0.020425681818181822,0.020517954545454544,0.021734772727272724,0.021162500000000004,0.016524861111111108,0.021090399999999995,0.01927456140350878,0.04598127659574468,0.02019109375,0.02412780821917809,0.026144150943396213,0.04808874999999999,0.0351210101010101,0.04049069306930693,0.032784444444444436,0.02508749999999999,0.03622426229508196,0.03244848484848484,0.035310833333333326,0.028624999999999984,0.03309043478260869,0.025827254901960778
30,0.028435199999999997,0.05368032258064514,0.04556636363636363,0.04824395833333333,0.048238253968253965,0.016277735849056604,0.040463673469387756,0.0271668,0.02919416666666667,0.05300433962264152,0.045854716981132075,0.004291904761904772,0.0038890566037735885,0.0037335294117647054,0.003132708333333336,0.0035234920634920645,0.0031701960784313627,0.0044727272727272714,0.020315700000000006,0.02970323529411765,0.01688323308270677,0.024765736434108523,0.033167999999999996,0.028245999999999997,0.02847433333333332,0.026451162790697678,0.017059642857142853,0.021950697674418613,0.023856666666666665,0.020425681818181822,0.0,0.001455294117647071,0.001571470588235287,0.0018140000000000007,0.0011410447761193918,0.0015773015873015849,0.0014582456140350892,0.042742564102564114,0.006916562500000001,0.011834342105263159,0.024844000000000012,0.05491464285714287,0.040152121212121215,0.05070485148514851,0.03487269841269842,0.026929464285714293,0.03710721311475411,0.03175989898989898,0.03485106382978724,0.031010729166666678,0.04168833333333332,0.031210396039603964
31,0.026053599999999993,0.05316096774193549,0.04423878787878788,0.04589104166666667,0.04350238095238094,0.015572452830188674,0.03822510204081633,0.02686959999999999,0.028673333333333346,0.05014132075471699,0.04264452830188681,0.0038028205128205084,0.005166923076923076,0.003908604651162776,0.0033513333333333234,0.002156491228070168,0.00370391304347826,0.003736212121212124,0.0169706,0.02739970588235294,0.014555864661654126,0.021057286821705434,0.031279250000000015,0.025451454545454548,0.024611416666666663,0.024201007751937984,0.015655178571428566,0.01964023255813954,0.022272307692307692,0.020517954545454544,0.001455294117647071,0.0,0.0020997058823529367,0.0022890322580645097,0.0017036111111111126,0.0015814062499999986,0.0017623437499999922,0.041844102564102585,0.004917812500000002,0.01264535211267606,0.02252059999999999,0.05247089285714287,0.03869696969696971,0.04855534653465348,0.03290174603174604,0.02636312500000001,0.03644672131147542,0.031102121212121213,0.03168468085106383,0.028307291666666665,0.03985727272727273,0.028723465346534655
32,0.026838200000000006,0.05804193548387099,0.04668515151515151,0.04982916666666667,0.0482584126984127,0.017051320754716975,0.041427346938775526,0.027193199999999997,0.029641249999999997,0.054514905660377345,0.04638415094339622,0.0048551219512195124,0.004384146341463408,0.00464510638297873,0.0035773999999999997,0.003234477611940296,0.003410425531914885,0.004282686567164184,0.019133700000000003,0.02968735294117646,0.016081503759398492,0.023511550387596898,0.03314775000000001,0.0287949090909091,0.02680341666666668,0.024851937984496125,0.016886101694915254,0.018962941176470592,0.02220952380952381,0.021734772727272724,0.001571470588235287,0.0020997058823529367,0.0,0.0025372727272727266,0.001448769230769227,0.0019730188679245356,0.001267142857142853,0.0427846153846154,0.007900156250000005,0.013041506849315064,0.024525799999999993,0.054711607142857166,0.03980808080808083,0.0512151485148515,0.03491396825396826,0.026923839285714273,0.03725540983606558,0.031759797979798,0.03378851063829787,0.029633749999999997,0.04090015151515151,0.030671188118811872
33,0.028585999999999997,0.053874193548387087,0.047115151515151506,0.05003666666666664,0.04948444444444444,0.01688,0.04021306122448979,0.028117400000000004,0.029904583333333328,0.05321000000000001,0.047549999999999995,0.005242051282051281,0.004813255813953488,0.003777499999999992,0.0037101886792452795,0.0038695312499999954,0.0036172000000000027,0.0028004411764705798,0.01880509999999999,0.029400000000000006,0.015892706766917286,0.023779147286821695,0.03403225,0.02899290909090909,0.02726658333333333,0.025461472868217046,0.016536842105263152,0.02045608695652173,0.023887435897435895,0.021162500000000004,0.0018140000000000007,0.0022890322580645097,0.0025372727272727266,0.0,0.0019267187500000057,0.0028215686274509722,0.001016166666666668,0.04282666666666667,0.005736716417910449,0.012116944444444444,0.0250452,0.05519982142857143,0.04048353535353535,0.0504407920792079,0.03563412698412698,0.02719678571428571,0.038013114754098354,0.032371717171717176,0.033852765957446816,0.029207604166666682,0.041687727272727286,0.030249702970297023
34,0.027486093749999996,0.038412187500000014,0.03218265625,0.04464578125,0.050994062500000006,0.016463750000000006,0.031171388888888887,0.024405156249999997,0.02605874999999999,0.05179234375,0.04584359374999998,0.003288157894736838,0.00307631578947369,0.003434117647058833,0.002311891891891892,0.0037089655172413776,0.002760125000000002,0.006010512820512828,0.02039439999999999,0.023689218750000005,0.016084661654135347,0.02430573643410853,0.028291406249999998,0.027286461538461537,0.02833533333333333,0.0258960465116279,0.016312923076923072,0.015508591549295772,0.01763546875,0.016524861111111108,0.0011410447761193918,0.0017036111111111126,0.001448769230769227,0.0019267187500000057,0.0,0.0020360606060606102,0.0014510810810810814,0.036801093750000013,0.01048166666666667,0.011186451612903232,0.02409187500000001,0.055110000000000006,0.041369090909090904,0.0534760396039604,0.037823281250000014,0.027658035714285704,0.03893062500000001,0.03264727272727275,0.032557499999999996,0.03263531250000002,0.04349272727272726,0.03305237623762377
35,0.027553200000000003,0.04298,0.03439900000000001,0.046789199999999996,0.046820476190476204,0.016969811320754716,0.034638983050847456,0.028523800000000002,0.029298,0.053827169811320755,0.04695264150943396,0.003635423728813557,0.003200344827586207,0.004375000000000002,0.0029006153846153834,0.0035778888888888904,0.0026679629629629575,0.007032463768115941,0.017950900000000006,0.024732799999999996,0.015342706766917298,0.021908914728682165,0.029780399999999995,0.02625236363636363,0.02503858333333334,0.02326240310077518,0.01581,0.015605409836065566,0.018265178571428564,0.021090399999999995,0.0015773015873015849,0.0015814062499999986,0.0019730188679245356,0.0028215686274509722,0.0020360606060606102,0.0,0.001875999999999995,0.03860160000000001,0.0109459375,0.013538289473684214,0.024635599999999994,0.05594821428571429,0.039339999999999986,0.050211782178217805,0.03534333333333334,0.02662544642857142,0.03722278688524589,0.030640909090909083,0.033549999999999996,0.030476875,0.039981515151515136,0.029720198019801976
36,0.030648363636363647,0.04324436363636364,0.03500714285714286,0.051082181818181804,0.051906190476190474,0.014752499999999995,0.038572280701754384,0.028269090909090914,0.02955290909090909,0.05856509090909091,0.051764181818181806,0.003584788732394364,0.0028172500000000016,0.0034607999999999987,0.002787124999999997,0.003889438202247189,0.002832571428571424,0.0038885057471264362,0.021955600000000013,0.02681036363636363,0.01753812030075188,0.02656193798449611,0.03177472727272728,0.033547272727272724,0.0300255,0.02745000000000001,0.01687939393939394,0.017653968253968255,0.019988363636363637,0.01927456140350878,0.0014582456140350892,0.0017623437499999922,0.001267142857142853,0.001016166666666668,0.0014510810810810814,0.001875999999999995,0.0,0.039459090909090916,0.009837812499999998,0.009497450980392156,0.027846545454545454,0.05961857142857143,0.041298080808080784,0.05280683168316832,0.03812460317460319,0.028036696428571428,0.04013491803278688,0.033935656565656565,0.03525890909090909,0.03234885416666666,0.04420560606060607,0.03320267326732674
37,0.04691660000000002,0.07938794871794871,0.07842897435897436,0.07820958333333332,0.0727969841269841,0.045285094339622654,0.06527755102040816,0.04707450980392156,0.05122734693877552,0.07974849056603772,0.07873415094339625,0.04491871794871795,0.0452774358974359,0.04228976744186046,0.04296095238095239,0.042981785714285715,0.04100333333333332,0.03898030303030303,0.037785300000000015,0.05514641025641024,0.03424939849624059,0.04413232558139534,0.05583800000000001,0.05138509090909091,0.04537908333333337,0.04011263565891474,0.043587857142857137,0.0492346511627907,0.04558928571428572,0.04598127659574468,0.042742564102564114,0.041844102564102585,0.0427846153846154,0.04282666666666667,0.036801093750000013,0.03860160000000001,0.039459090909090916,0.0,0.04340796874999999,0.0433217142857143,0.0469114,0.07663767857142854,0.06026989898989901,0.06768574257425741,0.06069888888888889,0.0486235714285714,0.06031032258064518,0.051286868686868686,0.05594063829787235,0.045398645833333334,0.05420820895522387,0.04696653465346533
