,0,1,2,3,4,5,6,7,8,9,10,11,12,13,14,15,16,17,18,19,20,21,22,23,24,25,26,27,28,29,30,31,32,33,34,35,36,37,38,39,40,41,42,43,44,45,46,47,48,49,50,51
0,0.0,5272.53030075772,7869.516843658863,6848.057430797319,7472.3068325564545,5832.6094283227785,7923.077715285374,6059.250521324713,6342.273789263102,7120.77331391096,7457.727720602823,4854.267438048832,5043.572170274362,6051.9120718259455,5378.457843355196,6623.429302160741,5207.554659709978,6446.752667757384,4825.417072414659,2666.347898864624,5428.790675912195,3183.6253558917206,4471.421718744945,5822.198116720013,1174.213480266346,5732.184065397929,5489.140210490732,6208.527160879726,5639.870209822354,5747.228171432181,4164.053766224625,3422.154644535181,4505.62633580456,4162.100483754667,5700.500894827495,5589.186651313217,5775.802752356376,7521.134702336485,6805.465985617921,7161.379761676538,3183.6253558917206,9420.72554637432,8386.468507040523,9710.575851765989,7891.072575562927,6535.999043215678,7638.555472753465,6703.914394583751,7347.22776463534,5896.010830294769,7339.573985441584,5768.632892452291
1,5272.53030075772,0.0,5199.360342444398,3067.989363022704,3322.42088667359,6004.482446974237,8164.944061410741,6482.892701979526,6661.184267817198,3061.426307797372,3182.1453898815444,5209.908052176023,4913.512978442508,4575.6611584821585,4866.333159011141,4681.108141625848,5044.184169018789,4669.382229457839,5903.118911675266,5556.23735637629,5458.299757525596,4431.096925609029,6183.494307133414,6307.980077927852,5087.206263120026,6265.023292385158,5734.712009002977,5193.532887912025,6367.139947697275,6018.274380146531,4112.355618830419,3514.2516995247597,4744.31464188962,4144.058002584464,4601.794098650219,4726.285145763038,4716.461585770919,7545.558679046279,4383.848700378236,4711.161539079212,4431.096925609029,6574.107803515103,8212.354901676577,7912.501426914499,8599.911678681363,9514.211932159138,8453.123924027012,7997.5026354726315,8141.273549313445,5899.3634941505525,5545.7782336489345,5227.24835057758
2,7869.516843658863,5199.360342444398,0.0,4986.760734842567,4603.613353565545,7759.283151081545,8315.088725483367,8042.297015058209,6803.061632748927,5454.74317095395,4443.106279093451,6492.574145816078,6402.7833259517865,6713.682409854497,6634.138511033758,6419.472081644836,6459.149860932941,6672.456269008292,7558.573819071051,7433.397774276371,7133.046280026615,7061.528305925152,7828.387776910064,8320.688364331354,7789.336829718511,8119.673358000116,7339.520347772155,6996.127400724601,7854.461279332613,6605.887122143816,5808.339487854901,4348.041041598264,6284.842839947941,5919.6657562838145,6528.292805233982,6425.118841673412,6514.145934805199,9738.234453818459,6517.364125338528,6863.276307384556,7061.528305925152,8106.189055869347,8072.773230156559,6283.767863166231,8844.69548409382,7824.110809742673,9362.854136601576,8471.745574951367,9254.172393007091,8165.32929231712,8190.455135157212,7630.506617298185
3,6848.057430797319,3067.989363022704,4986.760734842567,0.0,3644.022020003711,6632.111037929705,9501.26749579521,8435.4447801902,7634.8147693106575,3058.6070435458278,2694.516572028592,5410.889469832249,5352.279378476863,5724.3378135964085,5684.52024252884,5774.129621576533,5828.974567683108,6209.830539919659,7607.9813128595515,6367.177801263989,6352.29856866262,5961.334108756622,6493.089983531456,7798.195771102306,6763.421950875915,7317.545168708149,6600.899413904825,6607.967814313872,7540.411946989754,7067.16882995337,4489.989495957742,3501.267612869116,4994.560594796764,4525.525980538247,5896.310497555736,5769.866279379997,6132.747220738805,8546.772341661732,5672.691030537225,7498.027349225277,5961.334108756622,9208.697570516122,8731.252833166669,8577.590181389822,10595.520697924012,10139.360202671203,10785.12427914927,9333.680569198998,9706.848281119157,8421.418752430776,8039.134345572471,6799.042209043277
4,7472.3068325564545,3322.42088667359,4603.613353565545,3644.022020003711,0.0,6644.96393566537,8392.033113801808,7879.609852148749,7987.290224257386,3669.074324022117,2901.6922078313464,5329.820556527835,5335.317772481335,5588.999528755933,5762.950629318149,5888.479524747819,5728.5472364097,6531.98337304763,8049.024081003126,6160.236863482387,6744.446201250309,7107.239420794291,6144.185704340454,7544.553599312299,7820.740492907129,7257.332057867742,6621.12504488146,5703.804631621184,6403.6662976742355,7240.158481757602,4537.951128197023,3696.409998684416,4870.376229497134,4598.221862865923,6128.221913069659,5597.106848800161,6036.779136566531,8430.831800789367,5869.350367831704,8116.1034268040785,6483.704773744468,7875.6424886994255,8842.94259851832,8828.209565567284,9417.761850114146,9873.184066044576,9908.857719687507,9014.481385891768,8527.338542975158,9096.3525822681,8670.04776546786,8253.02626410559
5,5832.6094283227785,6004.482446974237,7759.283151081545,6632.111037929705,6644.96393566537,0.0,5841.936136819658,6032.583678662304,6059.282509574009,6832.11552337687,6366.700957944092,3595.313622893961,4013.856704056475,3770.9159887626706,3715.5340557832747,3960.590950302972,3869.876059541339,4318.8887924402625,4605.094851662623,4580.381734340575,4717.072153322355,5151.626471944078,5136.653344847727,5453.650525616338,5880.503020163605,5487.154687658164,2688.2571510871376,4438.652345584132,5834.807969661902,4930.453141166362,2914.992349848513,2242.0334466206245,3218.0995134218565,2858.8779275048996,4178.832922296811,3954.7893792958967,4277.058883370428,7444.640178826041,3932.7841362460194,6562.041735653162,5013.226414343032,8117.066235445335,7988.963058444712,9127.68974995339,6214.733206732227,5515.417858569781,6747.309367246899,6535.556108485373,6248.564006148865,5949.235490471634,6687.653152063003,6663.4992792847925
6,7923.077715285374,8164.944061410741,8315.088725483367,9501.26749579521,8392.033113801808,5841.936136819658,0.0,6799.5063513609375,7886.698214261335,9836.882385338859,8773.576904677593,4881.051308484062,5384.053009417176,5797.32089618247,5777.510961377343,5647.668868971545,5859.274020690438,5639.6393754565515,6979.983087633154,6063.000784385333,6344.983264909255,7257.63739062675,7082.656622713765,6886.963939850782,7822.421069796069,6941.996290627224,5882.823003830254,4329.97046177531,6488.095556998337,7102.8324142686115,3162.6219915989204,2171.7702836658073,3846.681160418368,3369.8145033597416,5983.814214972915,5889.077104999799,6086.23808047605,8428.412288992613,5482.801046821261,7565.644739502726,7257.63739062675,10539.169094650108,8244.468298987009,10129.85395486517,7149.220782047375,5933.537363908977,7743.774557362692,7101.321602871959,6873.337227229804,7643.279089548265,8546.528705918749,8072.71661279968
7,6059.250521324713,6482.892701979526,8042.297015058209,8435.4447801902,7879.609852148749,6032.583678662304,6799.5063513609375,0.0,6872.411800359197,8413.592515139411,7974.14546052248,4681.918103782082,5272.845130002152,5678.979423766066,5565.668331803639,6420.440673162591,5765.024245486688,6267.567931949844,6004.213744152025,4878.303404536509,5490.003574105585,6237.6989416747365,6002.522369611996,6028.9720622525365,6057.899304594074,5374.7561266972325,5888.766120697932,5266.12059176862,4112.992838243906,6144.939529770618,3678.2037288629735,2757.0680769989026,4078.9010301350213,3667.4322500695735,6264.693748385852,6121.332171689819,6541.295503092244,7419.04054665609,6043.9052046678835,5948.671120460657,6237.6989416747365,9066.114555951584,8550.099803554467,9261.787475831625,7926.139727963097,6908.801140461532,7225.233610580468,6525.938841890939,7388.977020219828,6845.34272777525,7352.18000693093,6659.791078666866
8,6342.273789263102,6661.184267817198,6803.061632748927,7634.8147693106575,7987.290224257386,6059.282509574009,7886.698214261335,6872.411800359197,0.0,7657.778670709634,7496.63362876519,5106.842849111735,5790.90994261161,5712.640013380848,5927.084571542048,6715.070219571422,6164.518070923556,6448.258689014964,6655.059518211406,5485.435026108022,6791.680809783712,6602.109151908729,6317.109524449287,7522.472747086186,6371.9390252215535,7012.3705274664935,6133.48566042599,6287.828073193381,6749.07166421857,3365.365289063852,4238.549294238556,3224.4888986130527,4723.711121309135,4187.179789332977,6473.700224124485,6489.153484523399,6581.32763616796,8072.872152474972,6500.704950182034,7598.137464149312,6602.109151908729,9652.313297900993,8144.974791809509,8634.996414871059,8286.870159543361,6528.339557868764,8430.930324770992,7610.2988000308715,7773.980275600247,7283.881856904016,7443.828228841062,5813.134037471911
9,7120.77331391096,3061.426307797372,5454.74317095395,3058.6070435458278,3669.074324022117,6832.11552337687,9836.882385338859,8413.592515139411,7657.778670709634,0.0,3275.1073815829477,5698.777130676338,5632.184013334043,5680.615106805548,5691.3392704967755,5885.348752923632,5915.159459705474,6436.575201885519,7867.954438119275,6505.222503253998,6237.3910084410245,6279.212152116971,6697.4624660796835,7941.50818791851,7159.000027278267,6988.94414260146,6669.271912201969,6748.709345203336,7455.964336620611,7048.144840671644,4912.581872604973,4028.424555904352,5298.712220232148,5032.844059294182,5797.599946550844,5771.084459642956,5960.439865269063,8527.092348108561,5752.979874746398,7649.676748057335,6092.918325776886,9061.870947055795,9332.903949667072,9016.279405048068,10669.438160460284,10325.813807554121,10907.166482787186,9446.413879207345,9818.582618351958,8864.285656415614,8389.493298584248,7448.02365791193
10,7457.727720602823,3182.1453898815444,4443.106279093451,2694.516572028592,2901.6922078313464,6366.700957944092,8773.576904677593,7974.14546052248,7496.63362876519,3275.1073815829477,0.0,5121.279948764592,4964.237130411461,5183.8068641687105,5434.3459885012935,5398.154738247094,5357.5720446354035,5835.680906179557,7873.071837779643,6608.554125386763,6147.742609123753,6718.244807280604,6401.55710063167,7705.47640654695,7485.230444311889,7111.047159869241,6329.415363608944,5895.398267602349,6704.596078360466,6866.2750607032685,3972.5738574556844,3283.073231010544,4357.734367263436,4101.56034467032,5663.145003762112,5339.815486880277,5741.367335540703,8431.513215454017,5333.329162836608,7524.194427311742,6529.2557191646165,8603.680744589881,8688.049974516716,8665.290908682333,10155.063752305823,9947.836761542605,10524.043369893348,9083.739052162231,9313.832472414995,9032.317186555512,8225.086556651782,7667.4941767947485
11,4854.267438048832,5209.908052176023,6492.574145816078,5410.889469832249,5329.820556527835,3595.313622893961,4881.051308484062,4681.918103782082,5106.842849111735,5698.777130676338,5121.279948764592,0.0,2628.8293667267867,2588.135628106891,1799.800003196866,2530.1735779148025,2452.8784280202017,2600.173524168215,4356.125157921112,4780.637216196126,4301.33376107821,4013.9365698381303,5333.634852523536,4632.553971929681,4819.466838837915,4931.721806406938,3637.1920086267155,3930.8278308208987,5320.182373917777,4644.475778808773,1895.0941869611418,1683.1931532102362,2101.6567731521723,1932.076884705771,2160.317953616116,2243.4517296046683,2213.8723898596545,6585.524350225561,2983.908637814504,3005.2352675844477,4013.9365698381303,7611.536677337083,6889.7355666957465,8826.780026728895,4869.400093796354,4429.557958999905,5720.607944077185,5495.67836819496,5803.627042898738,3979.170822869241,6162.575310774762,5490.947491986436
12,5043.572170274362,4913.512978442508,6402.7833259517865,5352.279378476863,5335.317772481335,4013.856704056475,5384.053009417176,5272.845130002152,5790.90994261161,5632.184013334043,4964.237130411461,2628.8293667267867,0.0,2643.2576783951067,2793.450419433316,2893.0620520783714,1945.707219801483,2808.601474418181,4192.368278696263,4510.072549490477,4163.04367357499,4401.980034836006,5231.204927737798,4858.411733462786,5018.806424356794,4850.37426595206,4011.7891455014433,4240.826679437683,5342.377810375509,5451.596387797636,1821.559346611529,1451.6684144375045,1888.945570912925,1701.8263025774145,2637.4002790300115,2326.682179442995,2444.0591273445993,7101.77353643703,3070.1974178889045,3911.4211377248075,4401.980034836006,7902.38556544836,6960.475143862795,8971.090381729804,5569.087740275715,4617.589802633524,5984.922048670445,5383.989310971471,6182.8948716630175,4268.410861610331,6619.111730933779,5647.125953449457
13,6051.9120718259455,4575.6611584821585,6713.682409854497,5724.3378135964085,5588.999528755933,3770.9159887626706,5797.32089618247,5678.979423766066,5712.640013380848,5680.615106805548,5183.8068641687105,2588.135628106891,2643.2576783951067,0.0,2574.099676952069,2549.7047835299563,2593.3197819476745,2514.1119269125934,4733.38969321167,5060.345718631033,4163.736992393623,5084.287682635097,5476.608617181888,5317.167514615326,6039.764767468889,4923.15445729877,3909.74784945395,4588.036179957931,5517.2568908380445,5123.764611050638,1582.049765271262,1075.180206787732,1998.4753315287146,1512.5058878812076,2420.5407270922447,2453.0266257886633,2372.3339510645446,6891.152399413348,2527.133841991527,4255.379595380135,5084.287682635097,8168.238606328873,7261.192016738875,9129.224960034566,6124.601760992777,4840.480426183714,6674.632384170062,5696.150130121358,6484.809624734698,5233.43008986419,6745.035646910555,5807.593339036854
14,5378.457843355196,4866.333159011141,6634.138511033758,5684.52024252884,5762.950629318149,3715.5340557832747,5777.510961377343,5565.668331803639,5927.084571542048,5691.3392704967755,5434.3459885012935,1799.800003196866,2793.450419433316,2574.099676952069,0.0,2629.068791769109,2430.641637564709,2849.1507168295675,4441.719097676775,4639.637131149922,4190.551562958943,4343.941558322789,5421.629282801378,5202.921513400531,5351.339714679315,5004.796258795727,3694.5401912008956,4569.582497070632,5800.856877551126,5193.667960609215,1701.888787534354,1287.6328340623797,2102.163764699886,1870.129390265413,2033.7491654039775,2284.916491750523,2271.4963298854673,6905.6749403035265,3037.062173502609,4104.016323120695,4343.941558322789,8219.258474668175,7586.831438597501,9054.234402334785,6137.569626532166,4926.765893312768,6737.2327935361245,5925.629465837379,6392.918634614813,5027.731045192531,6983.819961417643,6023.246042503232
15,6623.429302160741,4681.108141625848,6419.472081644836,5774.129621576533,5888.479524747819,3960.590950302972,5647.668868971545,6420.440673162591,6715.070219571422,5885.348752923632,5398.154738247094,2530.1735779148025,2893.0620520783714,2549.7047835299563,2629.068791769109,0.0,2977.2674028581687,2856.3301997237027,5457.177858078255,5225.308155591596,4665.155417419193,5626.823130933571,5779.972179833261,6155.609733422417,6758.1427702284755,5355.972489030527,4298.790316989909,4441.976679141061,5335.839398115934,5693.863851613077,1474.2556602153684,1230.4945813284435,1932.4830573673914,1513.5520940505778,2348.1049632793442,2605.044011099604,2500.533190037492,7317.487179130313,2615.569912410929,5425.926440293655,5455.943545552953,9021.866622257203,8263.660025132845,9318.518188957614,6553.502361294965,5157.836421055719,7260.86585877802,6540.907970676986,6607.385608479698,6585.316096213334,7481.66873660642,7225.9001290668775
16,5207.554659709978,5044.184169018789,6459.149860932941,5828.974567683108,5728.5472364097,3869.876059541339,5859.274020690438,5765.024245486688,6164.518070923556,5915.159459705474,5357.5720446354035,2452.8784280202017,1945.707219801483,2593.3197819476745,2430.641637564709,2977.2674028581687,0.0,2750.3035700906325,4271.795731989407,4851.313893384095,4068.3605312311174,4756.614803980331,5528.606791489719,5239.078089099813,5203.806555136422,4984.130870976273,3787.225597638446,4496.140973834115,5515.514740818202,5380.431379346355,1485.2453787694797,1126.5970345247138,1707.5238949782783,1578.906255023937,2390.628232189479,1964.9476763489972,2230.370641596356,6826.770880764571,3104.5844372677716,4326.922849334079,4756.614803980331,8399.2148930357,7554.042266889084,9070.578853928342,6457.266268196499,4969.311324413698,6785.568751144511,5782.5288002973975,6394.306472387861,5251.737924706104,7070.93618036837,6127.160909830551
17,6446.752667757384,4669.382229457839,6672.456269008292,6209.830539919659,6531.98337304763,4318.8887924402625,5639.6393754565515,6267.567931949844,6448.258689014964,6436.575201885519,5835.680906179557,2600.173524168215,2808.601474418181,2514.1119269125934,2849.1507168295675,2856.3301997237027,2750.3035700906325,0.0,5687.310439658782,4958.284780391499,5684.14696825616,6588.454413668721,5866.6637533135945,6431.334504335628,7149.357829346937,6097.262955750282,4525.406256831873,4646.988921683499,5709.153540889493,5551.645362226054,1322.1979222858267,1265.2230597386022,1681.0496745914886,1436.9849327953366,2709.4079569753826,2652.0500121000155,2369.967990620795,7303.551016702963,2689.2451429481016,4867.216428924463,5931.435909536691,9122.02096555556,7939.908474449911,9397.05950013968,6885.271098924127,6465.408336379991,7144.897048297519,7034.183360926003,6718.353556498302,6893.162861977976,7588.912382657339,7345.812325044215
18,4825.417072414659,5903.118911675266,7558.573819071051,7607.9813128595515,8049.024081003126,4605.094851662623,6979.983087633154,6004.213744152025,6655.059518211406,7867.954438119275,7873.071837779643,4356.125157921112,4192.368278696263,4733.38969321167,4441.719097676775,5457.177858078255,4271.795731989407,5687.310439658782,0.0,4045.8094284470735,3980.3992372887656,4404.9297555812045,5128.527497233554,5049.661568344636,5335.026566430905,4888.191762618089,4557.316786424096,5126.178476702693,5482.342888915703,5734.248420377387,3591.77735471401,3033.3996768227116,3944.7318071736217,3719.447039194607,5266.4403457538465,4443.76093797111,5259.215273169528,6946.569108172234,5793.857257674133,6524.714374450163,4073.374763051311,8226.50302368676,7331.0264590133,9130.80928127663,6545.133067997395,7054.409361688141,6176.779448739196,5856.7559566544805,6810.41982298947,6969.919019246815,7178.111784859866,7225.185698045646
19,2666.347898864624,5556.23735637629,7433.397774276371,6367.177801263989,6160.236863482387,4580.381734340575,6063.000784385333,4878.303404536509,5485.435026108022,6505.222503253998,6608.554125386763,4780.637216196126,4510.072549490477,5060.345718631033,4639.637131149922,5225.308155591596,4851.313893384095,4958.284780391499,4045.8094284470735,0.0,5038.311212005027,3099.8486632577287,3376.754086438583,4930.307839933683,2644.3424727918564,4950.44075010265,4291.011607231361,4961.646406006355,5266.307991096799,5200.875172364479,4088.504394899054,3477.6329853755874,4487.645656142741,4193.142638307479,4719.362680845936,4822.067896548152,4760.982352044476,7390.777652091221,5163.490780103027,5505.847690709056,3099.8486632577287,7432.85123386356,6840.433090476917,8044.592669892971,5648.312512399121,5065.7381793381055,5368.0554882635915,4918.043888461968,5761.743669699019,3556.796279521119,5745.818696870949,4335.163904047395
20,5428.790675912195,5458.299757525596,7133.046280026615,6352.29856866262,6744.446201250309,4717.072153322355,6344.983264909255,5490.003574105585,6791.680809783712,6237.3910084410245,6147.742609123753,4301.33376107821,4163.04367357499,4163.736992393623,4190.551562958943,4665.155417419193,4068.3605312311174,5684.14696825616,3980.3992372887656,5038.311212005027,0.0,4507.456869046764,5179.054288800899,4733.154363282994,5722.056753114691,4698.483972606345,4388.254709789203,4825.03081075766,4779.92534674184,5584.061992151166,3405.7504947641446,2418.208562235414,3736.256793871868,3501.821481625657,4794.707106915592,4339.512424194326,4846.3082230482205,7538.951159655964,4924.565485131185,6194.841333555445,4214.960348438494,8375.354508300134,7596.170382170985,9636.122675153705,7001.304577054215,6830.232001453626,6738.506170745932,6202.546534134257,6382.490079723469,7903.060664340038,7287.439820769929,7763.991608095523
21,3183.6253558917206,4431.096925609029,7061.528305925152,5961.334108756622,7107.239420794291,5151.626471944078,7257.63739062675,6237.6989416747365,6602.109151908729,6279.212152116971,6718.244807280604,4013.9365698381303,4401.980034836006,5084.287682635097,4343.941558322789,5626.823130933571,4756.614803980331,6588.454413668721,4404.9297555812045,3099.8486632577287,4507.456869046764,0.0,4417.6321859131,5468.531544650702,3167.9551345003024,5705.295520822312,5039.828294020726,5439.106941986969,6030.5972274894775,5631.892015316767,3509.0077317646137,2632.6696141131924,3897.4169020410436,3583.4512953078843,5439.799899065637,5016.807814544296,5436.012454592753,7542.484999443607,6244.152811125133,6959.102688511817,0.0,8818.339439382564,7817.482337095036,9246.211064834906,7101.585711544294,7513.945175945969,6935.362280955169,6943.007111744193,6812.31049336986,7671.17091218269,7591.68379788736,7198.793678045352
22,4471.421718744945,6183.494307133414,7828.387776910064,6493.089983531456,6144.185704340454,5136.653344847727,7082.656622713765,6002.522369611996,6317.109524449287,6697.4624660796835,6401.55710063167,5333.634852523536,5231.204927737798,5476.608617181888,5421.629282801378,5779.972179833261,5528.606791489719,5866.6637533135945,5128.527497233554,3376.754086438583,5179.054288800899,4417.6321859131,0.0,5364.833811343008,4475.484599092869,5674.378958164086,4995.85598167563,5529.858172317116,5705.474628879742,5919.75563397943,4555.1881164687675,3467.75838368621,5039.130240820652,4598.277229394248,5588.486751057566,5708.304296899621,5862.200648096774,7746.094667508292,5028.4425895331715,6738.013186972945,4417.6321859131,8431.115557914169,6624.6661118378615,8079.577334713786,6827.638734238806,5154.626256850793,6304.975811892028,4950.988651297338,6508.425002874205,5047.898187766614,6567.919794337776,5306.6406238587815
23,5822.198116720013,6307.980077927852,8320.688364331354,7798.195771102306,7544.553599312299,5453.650525616338,6886.963939850782,6028.9720622525365,7522.472747086186,7941.50818791851,7705.47640654695,4632.553971929681,4858.411733462786,5317.167514615326,5202.921513400531,6155.609733422417,5239.078089099813,6431.334504335628,5049.661568344636,4930.307839933683,4733.154363282994,5468.531544650702,5364.833811343008,0.0,5939.123840120494,4958.841913458697,5350.078116947495,5384.010933213685,5509.3876782948355,6524.66082989679,3987.8644684655997,3159.744500473969,4360.1880976065795,4003.1195067660988,6283.031785789806,5619.665366866621,6511.304207564107,7328.218824044804,5870.692172338702,7453.688852414191,5381.348488841477,8591.458093742422,8388.752294417585,9985.28801010488,7779.454184943953,7030.79609828103,7165.528578967618,6717.332777721773,6633.592101389398,7295.3007910126025,7793.451419553306,7821.716886131301
24,1174.213480266346,5087.206263120026,7789.336829718511,6763.421950875915,7820.740492907129,5880.503020163605,7822.421069796069,6057.899304594074,6371.9390252215535,7159.000027278267,7485.230444311889,4819.466838837915,5018.806424356794,6039.764767468889,5351.339714679315,6758.1427702284755,5203.806555136422,7149.357829346937,5335.026566430905,2644.3424727918564,5722.056753114691,3167.9551345003024,4475.484599092869,5939.123840120494,0.0,6336.86813607041,5778.003853841529,6098.012129578298,5698.09069187925,5678.306464836864,4072.1575953412666,3417.549151977418,4516.230395875672,4135.167463261906,6279.206714253071,5538.714484034191,5965.863365294678,7546.875715965401,7383.8852470895945,7878.032593976251,2991.950832466375,9569.264610034648,8481.060167218477,10155.021478572287,8069.873733261661,7910.636768778357,7662.599178978434,7484.369621528021,7356.967808170903,8046.38310072196,7880.3553055665525,7571.453344387391
25,5732.184065397929,6265.023292385158,8119.673358000116,7317.545168708149,7257.332057867742,5487.154687658164,6941.996290627224,5374.7561266972325,7012.3705274664935,6988.94414260146,7111.047159869241,4931.721806406938,4850.37426595206,4923.15445729877,5004.796258795727,5355.972489030527,4984.130870976273,6097.262955750282,4888.191762618089,4950.44075010265,4698.483972606345,5705.295520822312,5674.378958164086,4958.841913458697,6336.86813607041,0.0,5116.808150235332,5558.919159361181,4510.925205783964,6031.577257386854,4122.083343327454,3470.136007132888,4408.966684272182,4180.870413019124,5253.637286602426,4962.210540884219,5479.850208013866,7598.450038117333,5829.821021373255,6326.42227587209,4906.100517280097,8446.450840389167,8628.944863164683,10477.668088953944,7460.928221345837,8146.940862944534,6864.796033874962,7041.277399548971,6577.636318023225,8312.591684307006,7159.2580640325705,8208.946535618034
26,5489.140210490732,5734.712009002977,7339.520347772155,6600.899413904825,6621.12504488146,2688.2571510871376,5882.823003830254,5888.766120697932,6133.48566042599,6669.271912201969,6329.415363608944,3637.1920086267155,4011.7891455014433,3909.74784945395,3694.5401912008956,4298.790316989909,3787.225597638446,4525.406256831873,4557.316786424096,4291.011607231361,4388.254709789203,5039.828294020726,4995.85598167563,5350.078116947495,5778.003853841529,5116.808150235332,0.0,4781.923409948767,5742.901316913376,4770.517314454859,2950.340062726214,2197.0900546320563,3170.61989754404,2858.83566536849,4089.2536247728904,3776.852139488686,4213.45356639973,7087.312537282041,4179.510632554575,6730.412807647165,4796.253451130706,8246.597672334108,8118.056818624055,8966.456029994826,6342.34991199391,5818.96367239765,6673.921837131104,6510.920506134252,6325.72258361911,6271.229376257909,6840.135687114719,7027.958095417623
27,6208.527160879726,5193.532887912025,6996.127400724601,6607.967814313872,5703.804631621184,4438.652345584132,4329.97046177531,5266.12059176862,6287.828073193381,6748.709345203336,5895.398267602349,3930.8278308208987,4240.826679437683,4588.036179957931,4569.582497070632,4441.976679141061,4496.140973834115,4646.988921683499,5126.178476702693,4961.646406006355,4825.03081075766,5439.106941986969,5529.858172317116,5384.010933213685,6098.012129578298,5558.919159361181,4781.923409948767,0.0,4723.827282694466,5938.004767856461,2813.780413081028,2039.939785573041,3248.2491730898682,2855.8084905911287,4652.513017768453,4598.504373089964,4774.513648281872,7017.420423070255,4253.851358937048,5838.182516238807,5439.106941986969,7714.433286365238,6702.035251364017,8762.194196036902,5914.486721973396,4648.35229050855,6086.538706880351,5759.278690233886,6248.410335552967,5662.861911011793,7064.47754714584,6116.144643625699
28,5639.870209822354,6367.139947697275,7854.461279332613,7540.411946989754,6403.6662976742355,5834.807969661902,6488.095556998337,4112.992838243906,6749.07166421857,7455.964336620611,6704.596078360466,5320.182373917777,5342.377810375509,5517.2568908380445,5800.856877551126,5335.839398115934,5515.514740818202,5709.153540889493,5482.342888915703,5266.307991096799,4779.92534674184,6030.5972274894775,5705.474628879742,5509.3876782948355,5698.09069187925,4510.925205783964,5742.901316913376,4723.827282694466,0.0,6102.777521259543,3758.3727678679247,2901.891118800571,4446.344459421764,3891.7282268983117,5461.552052812512,5337.431616759141,5703.520169299449,7517.391861301178,5287.018569143194,5532.459640377023,6030.5972274894775,7679.481877894669,6972.583625967908,8665.640016893465,6773.563342387346,5395.808130339734,6189.2155202679305,4753.129670367557,6876.243818316027,5996.044506419382,6450.197429766245,5927.879578261301
29,5747.228171432181,6018.274380146531,6605.887122143816,7067.16882995337,7240.158481757602,4930.453141166362,7102.8324142686115,6144.939529770618,3365.365289063852,7048.144840671644,6866.2750607032685,4644.475778808773,5451.596387797636,5123.764611050638,5193.667960609215,5693.863851613077,5380.431379346355,5551.645362226054,5734.248420377387,5200.875172364479,5584.061992151166,5631.892015316767,5919.75563397943,6524.66082989679,5678.306464836864,6031.577257386854,4770.517314454859,5938.004767856461,6102.777521259543,0.0,4032.384465998825,3003.233994375359,4407.853155595475,3978.5767175457363,5324.240474130591,5402.379385490747,5326.663938891795,7794.497229921303,5497.092315754059,6424.9012861506435,5631.892015316767,8320.819749158169,7654.45533781689,7890.552041653443,7433.521834084592,5819.073912758963,7510.3320282736295,6457.131967460356,7074.1138622670705,6345.4620798237775,6559.306740481782,5109.869658825231
30,4164.053766224625,4112.355618830419,5808.339487854901,4489.989495957742,4537.951128197023,2914.992349848513,3162.6219915989204,3678.2037288629735,4238.549294238556,4912.581872604973,3972.5738574556844,1895.0941869611418,1821.559346611529,1582.049765271262,1701.888787534354,1474.2556602153684,1485.2453787694797,1322.1979222858267,3591.77735471401,4088.504394899054,3405.7504947641446,3509.0077317646137,4555.1881164687675,3987.8644684655997,4072.1575953412666,4122.083343327454,2950.340062726214,2813.780413081028,3758.3727678679247,4032.384465998825,0.0,1000.6328702940012,1221.42350587026,1217.5057022328774,1134.369809266502,1425.1140370639623,1121.1826874427177,5549.28916673222,2112.6540779089923,1290.4606672125135,3509.0077317646137,6829.63330751409,5545.259710369957,8530.17695333701,3886.8963581089056,3480.312105542063,4768.628429468601,4781.789701559245,4578.48606137502,3384.0284026917043,5059.566450916264,4717.1332601735785
31,3422.154644535181,3514.2516995247597,4348.041041598264,3501.267612869116,3696.409998684416,2242.0334466206245,2171.7702836658073,2757.0680769989026,3224.4888986130527,4028.424555904352,3283.073231010544,1683.1931532102362,1451.6684144375045,1075.180206787732,1287.6328340623797,1230.4945813284435,1126.5970345247138,1265.2230597386022,3033.3996768227116,3477.6329853755874,2418.208562235414,2632.6696141131924,3467.75838368621,3159.744500473969,3417.549151977418,3470.136007132888,2197.0900546320563,2039.939785573041,2901.891118800571,3003.233994375359,1000.6328702940012,0.0,1199.2830962642036,1227.007237118663,1133.964107754461,1210.1740934055254,1149.5470686369006,4471.255322456389,1630.985288490386,1085.4269515007998,2632.6696141131924,5958.898979167234,3907.3270797980035,6660.699707250229,3069.498360345711,2744.9352907074417,3805.389113016253,3802.883454721585,3310.196009491974,2870.3437721657874,4035.4561550403123,3693.4731578610727
32,4505.62633580456,4744.31464188962,6284.842839947941,4994.560594796764,4870.376229497134,3218.0995134218565,3846.681160418368,4078.9010301350213,4723.711121309135,5298.712220232148,4357.734367263436,2101.6567731521723,1888.945570912925,1998.4753315287146,2102.163764699886,1932.4830573673914,1707.5238949782783,1681.0496745914886,3944.7318071736217,4487.645656142741,3736.256793871868,3897.4169020410436,5039.130240820652,4360.1880976065795,4516.230395875672,4408.966684272182,3170.61989754404,3248.2491730898682,4446.344459421764,4407.853155595475,1221.42350587026,1199.2830962642036,0.0,1331.239245220478,1382.3715864160695,1363.7920741377316,1237.49230407844,6175.619898176196,2542.5079839789983,2119.0461248732004,3897.4169020410436,7362.237711650615,6402.476049034031,9101.399055475058,4528.057013709077,4111.779966443968,5084.880206871544,5059.398254534096,5418.143797982119,3691.4971545586145,5624.958951256783,5281.632979096412
33,4162.100483754667,4144.058002584464,5919.6657562838145,4525.525980538247,4598.221862865923,2858.8779275048996,3369.8145033597416,3667.4322500695735,4187.179789332977,5032.844059294182,4101.56034467032,1932.076884705771,1701.8263025774145,1512.5058878812076,1870.129390265413,1513.5520940505778,1578.906255023937,1436.9849327953366,3719.447039194607,4193.142638307479,3501.821481625657,3583.4512953078843,4598.277229394248,4003.1195067660988,4135.167463261906,4180.870413019124,2858.83566536849,2855.8084905911287,3891.7282268983117,3978.5767175457363,1217.5057022328774,1227.007237118663,1331.239245220478,0.0,1226.1321147118722,1322.653320175894,1064.8553947896075,5614.510982257441,2094.227252060107,1401.2106674658849,3583.4512953078843,6888.807904476829,5442.62464056493,8604.236080326424,3949.232452733952,3671.264780968182,4800.468837029886,4870.9308533713265,4600.7979483553345,3288.169290421404,4945.247135557699,4613.746079312541
34,5700.500894827495,4601.794098650219,6528.292805233982,5896.310497555736,6128.221913069659,4178.832922296811,5983.814214972915,6264.693748385852,6473.700224124485,5797.599946550844,5663.145003762112,2160.317953616116,2637.4002790300115,2420.5407270922447,2033.7491654039775,2348.1049632793442,2390.628232189479,2709.4079569753826,5266.4403457538465,4719.362680845936,4794.707106915592,5439.799899065637,5588.486751057566,6283.031785789806,6279.206714253071,5253.637286602426,4089.2536247728904,4652.513017768453,5461.552052812512,5324.240474130591,1134.369809266502,1133.964107754461,1382.3715864160695,1226.1321147118722,0.0,1823.8687972489906,1584.5588423202855,6697.005870949337,3111.15747565972,4922.348246413593,4982.011462202651,9420.255466080547,8425.037249024748,9374.98956588122,6982.82440597407,6223.469158933518,7433.980707951764,7046.892219342653,6736.207840961374,6783.288329085259,7778.428748824565,7734.686656703441
35,5589.186651313217,4726.285145763038,6425.118841673412,5769.866279379997,5597.106848800161,3954.7893792958967,5889.077104999799,6121.332171689819,6489.153484523399,5771.084459642956,5339.815486880277,2243.4517296046683,2326.682179442995,2453.0266257886633,2284.916491750523,2605.044011099604,1964.9476763489972,2652.0500121000155,4443.76093797111,4822.067896548152,4339.512424194326,5016.807814544296,5708.304296899621,5619.665366866621,5538.714484034191,4962.210540884219,3776.852139488686,4598.504373089964,5337.431616759141,5402.379385490747,1425.1140370639623,1210.1740934055254,1363.7920741377316,1322.653320175894,1823.8687972489906,0.0,1763.4549635131534,6630.581559316804,3207.397577635553,4944.055901106497,5016.807814544296,8912.250797700097,8321.709585932247,9404.586002215732,6815.974953029392,5074.76112877853,7136.158937856447,6193.06293436551,6529.059794786344,5829.166929595309,7296.801809208044,6832.612325608183
36,5775.802752356376,4716.461585770919,6514.145934805199,6132.747220738805,6036.779136566531,4277.058883370428,6086.23808047605,6541.295503092244,6581.32763616796,5960.439865269063,5741.367335540703,2213.8723898596545,2444.0591273445993,2372.3339510645446,2271.4963298854673,2500.533190037492,2230.370641596356,2369.967990620795,5259.215273169528,4760.982352044476,4846.3082230482205,5436.012454592753,5862.200648096774,6511.304207564107,5965.863365294678,5479.850208013866,4213.45356639973,4774.513648281872,5703.520169299449,5326.663938891795,1121.1826874427177,1149.5470686369006,1237.49230407844,1064.8553947896075,1584.5588423202855,1763.4549635131534,0.0,6808.700036147854,3006.41099265246,5221.486718477169,5253.999251737231,9421.59283169508,8514.876093090024,9489.230423596475,7000.710846256339,5547.592803327138,7369.13694238602,6875.50076110536,6778.51411297811,6429.564951375317,7632.926876922353,7365.97768166317
37,7521.134702336485,7545.558679046279,9738.234453818459,8546.772341661732,8430.831800789367,7444.640178826041,8428.412288992613,7419.04054665609,8072.872152474972,8527.092348108561,8431.513215454017,6585.524350225561,7101.77353643703,6891.152399413348,6905.6749403035265,7317.487179130313,6826.770880764571,7303.551016702963,6946.569108172234,7390.777652091221,7538.951159655964,7542.484999443607,7746.094667508292,7328.218824044804,7546.875715965401,7598.450038117333,7087.312537282041,7017.420423070255,7517.391861301178,7794.497229921303,5549.28916673222,4471.255322456389,6175.619898176196,5614.510982257441,6697.005870949337,6630.581559316804,6808.700036147854,0.0,7022.592613144526,7929.469139059151,7542.484999443607,10429.392148773253,9574.604726624837,10929.935896531586,8753.472516938675,7779.928073181256,8625.66858667324,8033.827252090103,8304.285795380207,7364.869110169744,8385.422282579388,7517.627717730213
38,6805.465985617921,4383.848700378236,6517.364125338528,5672.691030537225,5869.350367831704,3932.7841362460194,5482.801046821261,6043.9052046678835,6500.704950182034,5752.979874746398,5333.329162836608,2983.908637814504,3070.1974178889045,2527.133841991527,3037.062173502609,2615.569912410929,3104.5844372677716,2689.2451429481016,5793.857257674133,5163.490780103027,4924.565485131185,6244.152811125133,5028.4425895331715,5870.692172338702,7383.8852470895945,5829.821021373255,4179.510632554575,4253.851358937048,5287.018569143194,5497.092315754059,2112.6540779089923,1630.985288490386,2542.5079839789983,2094.227252060107,3111.15747565972,3207.397577635553,3006.41099265246,7022.592613144526,0.0,5127.347105120412,5527.087656435996,8699.595668743308,7373.2821752107375,8737.040471136961,6386.119844646228,5772.415883591214,6791.2697258087455,6351.678971368008,6200.822990920676,6737.160802537691,7194.258038361896,7143.676133557381
39,7161.379761676538,4711.161539079212,6863.276307384556,7498.027349225277,8116.1034268040785,6562.041735653162,7565.644739502726,5948.671120460657,7598.137464149312,7649.676748057335,7524.194427311742,3005.2352675844477,3911.4211377248075,4255.379595380135,4104.016323120695,5425.926440293655,4326.922849334079,4867.216428924463,6524.714374450163,5505.847690709056,6194.841333555445,6959.102688511817,6738.013186972945,7453.688852414191,7878.032593976251,6326.42227587209,6730.412807647165,5838.182516238807,5532.459640377023,6424.9012861506435,1290.4606672125135,1085.4269515007998,2119.0461248732004,1401.2106674658849,4922.348246413593,4944.055901106497,5221.486718477169,7929.469139059151,5127.347105120412,0.0,6207.946924042742,10051.287006127224,8647.536087110702,10284.967815580574,8237.207182812035,8293.78627774262,8327.221429292807,7828.96937721611,8001.56775522709,7537.085823385743,8398.674230968072,8193.98899499657
40,3183.6253558917206,4431.096925609029,7061.528305925152,5961.334108756622,6483.704773744468,5013.226414343032,7257.63739062675,6237.6989416747365,6602.109151908729,6092.918325776886,6529.2557191646165,4013.9365698381303,4401.980034836006,5084.287682635097,4343.941558322789,5455.943545552953,4756.614803980331,5931.435909536691,4073.374763051311,3099.8486632577287,4214.960348438494,0.0,4417.6321859131,5381.348488841477,2991.950832466375,4906.100517280097,4796.253451130706,5439.106941986969,6030.5972274894775,5631.892015316767,3509.0077317646137,2632.6696141131924,3897.4169020410436,3583.4512953078843,4982.011462202651,5016.807814544296,5253.999251737231,7542.484999443607,5527.087656435996,6207.946924042742,0.0,8678.094426965643,7778.443647295772,9098.901611131043,7096.996915995804,6142.073418898868,7026.555553353894,6531.196584211364,6812.31049336986,5701.931448033038,7095.843284544161,5853.5421965789665
41,9420.72554637432,6574.107803515103,8106.189055869347,9208.697570516122,7875.6424886994255,8117.066235445335,10539.169094650108,9066.114555951584,9652.313297900993,9061.870947055795,8603.680744589881,7611.536677337083,7902.38556544836,8168.238606328873,8219.258474668175,9021.866622257203,8399.2148930357,9122.02096555556,8226.50302368676,7432.85123386356,8375.354508300134,8818.339439382564,8431.115557914169,8591.458093742422,9569.264610034648,8446.450840389167,8246.597672334108,7714.433286365238,7679.481877894669,8320.819749158169,6829.63330751409,5958.898979167234,7362.237711650615,6888.807904476829,9420.255466080547,8912.250797700097,9421.59283169508,10429.392148773253,8699.595668743308,10051.287006127224,8678.094426965643,0.0,10764.285364537802,9279.516971301025,8034.436059906083,9095.094754792775,8431.430945677419,8217.754123934817,8657.969627305458,9008.593333234016,8273.53907389807,9483.748353701641
